18 28
1887.3 3376.2 3576.3 3616.4
238.27 275.09 1507.56 1536.0 1615.6 2794.7 4032.9 4140.0 4197.1 4379.1 4549.0 4600.0 4635.0
1633.674 4247.7 4966.51 5621.4 5787.7 6725.0 7004.0 7156.3 7191.0 7421.9 7833.4 8453.0 8708.0 8777.6 9031.0 9116.0 9318.0 9487.0 9873.0 9935.0 9990.0 10273.2 10609.0 10694.0 10884.0 11090.0 11262.3 11270.0 11528.0 11555.0 11558.0 11653.0 11928.0 11951.0 12221.0 12256.0 12401.0 12436.0 13484.0 13881.0 16732.9 18430.0
350.728 1745.909 2788.83 2794.14 2866.8 3663.67 3735.3 3884.3 4433.6 4525.4 4684.5 4725.36 5335.7 5430.8 5549.0 5629.0 5689.77 5774.7 5819.0 5822.0 5992.56 6032.9 6173.8 6267.4 6447.6 6551.7 6608.1 6640.0 6747.0 7006.4 7042.3 7360.0 7422.3 7653.0 7981.0 8154.0 8240.5 8664.0 9401.0 9857.0 9941.0
1274.542 3358.2 4456.3 5146.3 5329.0 5363.4 5523.7 5641.4 5909.9 6119.9 6311.1 6345.2 6635.8 6691.0 6819.4 6853.5 6900.0 7051.0 7341.1 7343.7 7405.9 7423.0 7489.0 7664.0 7722.0 7921.0 8076.9 8134.3 8162.2 8375.9 8489.6 8561.4 8741.0 8855.3 9097.0 9178.0 9250.0
1017.0 1701.51 1822.5 2315.1 2517.0 3220.66 3431.8 3458.2 3830.9 3836.4 3843.3 3988.2 4010.0 4436.0
1981.6 3867.0 3962.0 4764.0 4886.0 5576.0
1702.8 3316.4 3891.2 4092.7
2018.2 3691.2

1320.0
