22 32
1246.3 3308.2 4400.9 5006.0 5037.0 5292.0 5317.0 5464.0 5713.9 5837.0 6267.0
450.7 2051.0 2359.0 2715.0 2771.0 2908.0 3800.0 3974.0 4354.0 5456.0
1368.675 4122.874 4238.36 5235.2 6010.32 6432.5 7349.05 7555.3 7616.47 7747.7 7812.2 8113.0 8358.1 8438.4 8439.3 8654.9 8864.5 9003.5 9146.2 9284.4 9299.8 9300.95 9305.4 9457.8 9516.21 9528.0 9532.7 9828.4 9967.8 10027.9 10059.1 10110.9 10333.6 10360.7 10575.98 10581.26 10659.8 10660.17 10679.7 10712.2 10731.1 10820.8 10917.2 11010.0 11016.0 11128.0 11162.0 11187.3 11208.0 11216.69 11293.0 11314.2 11330.0 11390.0 11452.8 11519.0 11595.0 11695.0 11727.0 11860.0 11864.0 11964.7 12002.0 12049.4 12117.1 12128.0 12161.0 12344.0 12441.0 12504.0 12861.0 13041.0 13050.22 13055.0 13213.0 13436.0 13770.0 14082.0 14099.0 14148.0 14327.0 15436.4 16904.0
585.086 974.853 1611.767 1964.61 2563.44 2737.7 2801.47 3405.2 3413.44 3907.7 3970.7 4059.4 4276.49 4359.4 4711.4 4722.0 5012.2 5116.62 5251.5 5460.3 5474.8 5522.2 5532.0 5744.0 5747.0 5793.1 5860.0 5971.6 5978.0 6041.2 6082.0 6169.0 6362.0 6434.0 6468.0 6570.0 6678.0 6777.0 6832.0 6840.0 6883.0 6913.0 6958.0 7038.0 7088.0 7181.0 7185.0 7226.0 7285.0 7375.2 7493.0 7500.3 7525.0 7551.0 7577.5 7633.0 7653.0 7685.0 7786.9 7801.0 7838.0 7866.0 7961.0 8011.0 8075.0 8119.0 8267.0 8532.0 8548.0 8551.0 8656.0 8811.0 8888.0 8896.0 9013.0 9410.0 9651.0 9685.0 9830.0 9947.0 10137.0 10653.0 11003.0 11200.0 11361.0 11410.0 11460.0 11486.0 13143.0 13332.0
1808.73 2938.34 3588.56 3941.55 4318.88 4332.57 4350.08 4835.13 4901.3 4972.29 5291.74 5476.11 5691.11 5715.6 6125.48 6256.0 6622.0 6634.31 6745.76 6876.42 6978.0 7061.9 7099.66 7242.0 7261.39 7282.74 7348.87 7371.2 7395.0 7541.73 7677.0 7697.3 7725.74 7773.0 7816.0 7824.0 7840.0 7953.0 8033.0 8052.9 8184.96 8201.0 8227.56 8250.7 8458.87 8464.0 8472.0 8503.74 8532.27 8625.0 8670.0 8705.73 8863.8 8903.5 8930.0 9064.0 9111.0 9169.0 9238.7 9261.0 9325.51 9371.0 9383.0 9427.74 9541.0 9560.0 9574.02 9829.0 9856.52 9967.0 9989.0 10040.0 10102.41 10126.7 10148.0 10220.1 10319.0 10350.37 10362.42 10599.96 10646.0 10650.0 10805.9 12479.0
984.92 1698.63 1940.35 3109.4 3426.9 3476.33 3491.47 3561.56 3760.4 3787.38 3884.0 4149.8 4398.2 4552.8 4776.1 4828.14 4992.3 5028.56 5172.0 5296.0 5372.0 5412.0 5422.0 5627.0 5749.0 5764.0 5821.0 5829.0 5925.93 6443.4
1473.4 3862.7 4020.2 4557.0 4878.6 5171.8 5192.7 5469.1 5672.8 5702.3
54.6 1094.5 1430.6 1638.0 2265.9 2499.9 2614.9 3223.6 3227.4 3674.1 3985.7
1482.2 1788.8 1820.2 2467.3 3460.4 3541.6 4414.4 4966.8 5021.6 5093.9 5412.7
50.5 221.0 461.0 673.1 945.1 1028.6 1390.0 2243.5 3759.9 3814.5
885.5 2117.0 2321.0 2551.0 2858.4 3036.9 4819.5
