24 35
425.8
451.5 944.8 1612.5 1789.6 2485.3 2673.5 2720.4 3061.7 3424.3 3695.7 3823.0 3858.8 4026.0 4196.0 4583.0 7902.0 7972.0
416.852 1057.739 1759.034 1850.62 2068.86 2069.47 2071.64 2365.15 2545.367 2660.92 2740.03 2913.4 3073.63 3159.889 3402.65 3507.63 3596.34 3674.92 3680.68 3723.81 3750.9 3753.63 3921.96 3962.83 3977.91 4191.92 4205.86 4349.34 4430.72 4480.48 4547.92 4599.17 4622.38 4705.37 4773.35 4939.64 4940.79 4952.3 5006.66 5010.24 5131.93 5141.68 5195.11 5245.28 5395.53 5431.23 5456.71 5461.87 5487.93 5494.51 5513.48 5544.56 5569.16 5584.99 5598.3 5671.04 5676.07 5692.15 5726.38 5849.21 5882.65 5916.1 5924.19 5949.93 6028.02 6084.07 6086.47 6120.01 6197.56 6238.4 6270.19 6280.33 6343.46 6363.99 6414.46 6436.44 6695.0
843.76 1014.45 2212.01 2734.9 2982.0 3004.2 3680.4 3956.8 4054.6 4410.2 4510.3 4580.0 4811.6 5155.6 5248.0 5419.9 5432.8 5438.4 5499.8 5550.9 5667.3 5751.6 5827.0 5960.3 6080.8 6115.8 6158.4 6284.7 6462.8 6477.3 6512.2 6533.0 6605.1 6651.3 6713.0 6765.0 6776.3 6813.8 6820.7 6947.9 6992.9 6996.0 7071.3 7173.6 7227.2 7280.0 7289.0 7400.0 7413.0 7443.0 7477.1 7550.0 7578.0 7660.0 7676.5 7679.0 7721.0 7798.0 7806.0 7858.0 7900.0 7935.0 7948.0 7997.0 8037.0 8043.0 8065.0 8097.0 8130.0 8182.1 8287.0 8324.0 8396.0 8442.0 8521.0 8537.0 8586.0 8675.0 8693.0 8952.0
30.6383 972.38 1013.626 1372.95 1620.32 1622.92 2138.92 2201.46 2271.77 2486.18 2582.0 2656.09 2987.53 3105.0 3296.39 3347.19 3465.29 3591.45 3670.77 3709.21 3875.78 3900.99 3935.58 4033.0 4244.41 4461.92 4516.73 4596.51 4691.1 4764.91 4903.58 4996.92 5015.42 5134.84 5165.0 5176.97 5190.44 5344.73 5377.81 5442.28 5741.12 5761.34 5797.55 5860.78 5992.4 6019.61 6198.88 6316.8 6419.84 6441.45 6623.08 6651.17 6756.67 6893.7 7176.49 7269.48 7408.79
1398.0 1754.2 2224.0 2865.6 3061.7 3184.4 3432.9 3577.6 3641.5 3671.7 3935.2 3986.2 4057.0 4219.6 4403.1 4715.6 4827.9 4940.8 5023.0 5181.6 5248.3 5263.7 5392.0 5433.0 5733.0 5855.2 5993.6
243.9 687.53 991.0 1118.7 1245.6
946.5 1612.8 3239.0 3432.9 3622.5 4142.9 4561.7 4808.6 5147.3
734.1 955.7 2765.3 3201.0


1006.0
