26 38
1795.9 2783.5 3332.5 3756.0 3842.0 4093.0 4138.0 4446.0 4806.0
780.9 957.4 2163.6 2647.6 2866.3 2909.9 3540.2 3803.6 4138.1 4289.2 4447.3 4474.8 4703.8 5062.0 5208.0 5282.8 5316.7
1779.03 4617.86 4979.92 6276.2 6690.74 6878.79 6887.65 7380.59 7416.26 7799.01 7933.45 8258.74 8328.38 8413.33 8543.56 8588.71 8904.8 8945.2 8953.3 9164.68 9315.92 9381.55 9417.17 9479.49 9496.04 9702.34 9764.52 9795.95 9929.2 10181.6 10189.59 10209.01 10272.3 10310.92 10376.24 10418.25 10514.1 10541.0 10596.18 10668.05 10668.34 10724.7 10778.0 10883.45 10900.42 10915.7 10944.0 10952.8 10994.0 11078.52 11100.0 11195.22 11265.0 11331.9 11432.63 11434.5 11446.0 11510.4 11572.4 11576.6 11584.62 11778.5 11933.5 11985.0 12152.0 12204.0 12994.0 13741.0
1273.398 2028.15 2426.016 3067.03 3624.15 4080.2 4741.0 4840.35 4895.4 4934.563 5254.6 5285.5 5652.4 5812.9 5949.1 6107.0 6194.14 6380.836 6424.0 6496.2 6522.0 6616.2 6695.93 6713.0 6715.0 6781.3 6908.52 6921.0 7014.0 7057.96 7072.0 7139.3 7181.8 7197.0 7523.19 7622.1 7692.0 7767.0 7787.0 7892.0 7987.0 7997.1 8138.0 8161.0 8173.0 8209.0 8270.0 8290.0 8331.0 8349.0 8371.0 8418.0 8475.7 8504.58 8527.03 8539.31 8557.8 8603.0 8609.0 8610.0 8622.0 8641.0 8655.0 8670.0 8762.0 8854.0 8859.1 8865.0 8909.0 8959.0 9019.7 9154.0 9157.0 9218.0 9250.0 9261.7 9298.0 9326.0 9391.0 9413.0 9518.0 9667.0 9683.0 9765.0 9779.0 9850.0 9948.3 9952.0 9987.0 10002.0 10083.0 10131.0 10170.0 10214.7 10236.0 10252.0
2235.32 3498.55 3769.52 3787.71 4810.35 4830.84 5231.57 5280.0 5372.1 5487.56 5614.05 5950.2 6503.3 6537.0 6641.05 6642.0 6744.07 6865.0 6914.78 7001.0 7043.5 7079.0 7223.0 7256.0 7440.0 7507.91 7613.0 7623.0 7634.0 7667.2 7810.0 7911.0 8104.9 8154.9 8163.22 8190.0 8196.0 8290.0 8333.0 8442.0 8537.0 8554.0 8596.0 8640.0 8673.0 8684.0 8735.0 8798.9 8887.0 8898.11 8936.5 8942.7 8953.3 8963.0 8980.0 9035.0 9045.0 9103.74 9111.0 9131.0 9167.0 9255.0 9309.09 9350.0 9356.6 9371.0 9406.0 9440.0 9475.0 9507.0 9576.0 9597.3 9605.0 9619.78 9648.0 9689.0 9726.0 9761.0 9768.3 9777.0 9792.36 9815.0 9882.0 9897.0 9955.0 9958.0 10027.0 10057.0 10079.0 10116.0 10184.0 10188.0 10202.1 10218.0 10275.9 10288.0 10305.0 10349.0 10355.0 10397.0 10420.0 10450.0 10465.0 10478.0 10508.0 10561.0 10582.0 10624.3 10647.0 10669.0 10679.0 10725.0 10732.0 10795.0 10805.0 10823.0 10835.0 10866.0 10975.0 10991.0 11015.0 11038.0 11073.0 11084.0 11091.0 11205.0 11210.0 11250.0
752.23 1694.92 2316.94 2788.03 3133.5 3532.92 4259.0 4382.37 5281.36 5873.15 5957.91
1941.5 4230.8 4984.0 5220.0 5288.8 5412.4 5502.0 5773.0 5785.7 5954.0 6195.0 6388.0 6705.0

3327.7 4257.3 4382.7

1399.0
1437.0
1084.0
