28 36
105.64 877.0 1134.0 1313.0 1516.0 1568.0 2104.0
1383.55 1953.91 2422.7 3105.9 3447.6 4080.5 4343.0 4642.0 4759.0 4954.1 5293.0 8379.0
677.29 709.02 1454.67 1973.62 2539.03 2723.96 2839.9 2937.87 3019.39 3733.9 3835.9 3928.9 4143.67 4182.65 4232.2 4298.1 4343.6 4422.4 4468.33 4502.32 4626.55 4736.4 4926.4 4937.9 4941.0 5206.6 5231.6 5506.1 5508.6 5576.0 5701.7 6094.6 6468.0 7199.1
1266.15 2233.7 3134.1 3295.0 3414.6 3505.8 4190.3 4260.7 4430.9 4593.6 4633.8 4783.1 5014.9 5015.2 5115.4 5256.1 5343.1 5529.3 5559.2 5672.3 5773.1 5892.3 5987.9 6047.8 6080.1 6233.1 6336.6 6380.8 6398.6 6453.7 6460.8 6495.8 6500.6 6594.2 6610.3 6792.9 6825.1 6842.3 6909.2 6931.7 7079.9 7084.0 7117.9 7140.6 7214.0 7313.7 7441.2 7466.0 7687.0 7852.0 8355.6
78.06 512.7 1149.39 1322.84 1755.0 2177.2 2217.79 2229.7 2657.53 2740.36 3004.6 3149.0 3263.99 3319.9 3443.0 3444.35 3796.1 3880.3 3989.8 4008.93 4034.6 4035.58 4149.3 4204.6 4275.2 4313.3 4548.2 4554.6 4661.45 4697.0 4710.55 4743.3 4849.3 4877.37 5072.44 5080.9 5252.9 5349.62 5509.32 5701.47 5778.77 6062.22 6196.32 6332.6 6557.97 6581.93 6783.7
1431.6 1847.6 2538.6 3275.4 3489.8 3627.6 4047.8 4194.0 4226.0 4856.1 5050.0 5191.0 5406.0 5452.6 5498.0 5549.0 5558.0 5638.0 5674.0 5785.0 5816.0 5970.0 6115.0 6124.0 6182.0
429.07 1607.6 2304.9
2386.4 3859.7 4101.0 4493.4 4869.3 5559.9 6035.8
249.9 424.9 1303.1 1346.3 2281.0
