30 43
2210.6 3402.6 3666.3 3676.0 5136.0
1248.9 2235.6 3079.0 3285.5 3351.1 3437.0
2230.3 3778.3 4281.5 4458.9 4695.4 5006.2 5413.0 5548.9 5797.9 6224.3 6411.0 6580.0 6621.1 6665.7 6761.7 6852.0 7002.5 7115.0 7189.7 7350.2 7434.0 7484.8 7535.7 7566.9 7637.0 7701.7 7882.9 7921.0 7950.1 7974.9 8126.5 8191.1 8270.3 8296.3 8345.8 8407.0 8729.3 8745.6 9024.0 9170.0 9235.0 9463.5 9463.9 9635.7 9783.0 12049.0
841.001 1967.18 2313.446 2867.72 2935.2 2968.6 3220.754 3831.6 3934.87 4047.8 4055.52 4094.0 4144.49 4210.95 4374.9 4423.83 4729.4 4746.0 4865.7 4918.086 4942.0 5209.0 5282.0 5286.1 5480.1 5613.15 5711.063 5888.56 6425.1 6676.98 7187.98 7416.15 7488.49 7506.58 7616.02 8368.35
2127.564 3304.212 3916.41 4074.667 4114.81 4624.404 4688.98 4876.84 4889.76 5228.18 5322.51 5380.99 5679.927 5689.0 5755.88 5847.53 5998.1 6121.48 6168.86 6251.22 6251.68 6342.49 6421.42 6428.12 6478.77 6639.0 6685.33 6729.0 6742.0 6828.82 6847.91 6863.7 6890.0 6954.22 7110.45 7164.46 7219.28 7248.05 7270.0 7367.42 7392.0 7467.72 7552.69 7629.91 7657.0 7730.79 7781.22 7788.0 7795.0 7974.72 8020.0 8036.3 8083.0 8138.1 8175.1 8185.46 8205.4 8264.0 8293.0 8294.39 8369.0 8385.4 8425.0 8502.0 8506.77 8615.74 8651.0 8657.0 8670.0 8702.35 8712.0 8727.63 8733.0 8782.0 8805.7 8874.02 8876.0 8942.0 8968.0 8990.0 9026.31 9095.0 9158.71 9208.04 9478.0 9546.09 9598.41 9640.0 9665.74 9711.0 9801.88 9836.7 9860.0 9933.35 10092.21 10179.59 10212.15 10311.53 10650.1 10803.0 10840.62 11015.0
1572.372 1991.33 2347.78 2717.1 2938.64 3421.0 3558.07 3597.0 3801.96 3818.1 3886.0 4021.4 4028.0 4105.6 4180.0 4189.25 4302.0 4477.6 4903.35 4963.07 5752.5 5841.3 6018.6 6078.47 6293.92 6355.6 6419.9 6629.2 6761.0
3290.9 3346.0 4192.7 4523.0 4575.2 5021.5 5206.1 5251.2 5391.4 5509.1 5573.1 5830.9 6186.9 6225.2 6514.4 7120.0 7271.9
646.18 1397.51 1991.93 2022.87 2637.86 3261.9 3492.71
1292.0 2805.0 2825.7 3516.4 3675.2 3724.0 4990.5 6005.9


449.0 904.0
890.0
319.0 940.0
