32 42
89.9 466.1 1168.5
810.52 1986.5 2351.8 2685.5 2839.0 2846.3 2975.4 3816.1 3971.9 3980.4 4099.2 4112.8 4117.0 4438.2 4463.4 4746.3 4775.0 4832.0 5001.0 5090.0 5104.0 5276.0 5544.0
146.36 461.0 665.55 1230.28 1887.31 2157.9 2181.1 2375.8 2580.3 2611.05 2721.3 3129.13 3334.0 3383.3 3545.07 3600.27 3631.4 3646.3 3660.0 3773.84 3791.7 3940.1 3964.1 3983.0 4076.3 4139.8 4147.8 4325.91 4354.2 4417.3 4446.6 4461.4 4515.6 4605.8 4609.7 4638.9 4695.7 4717.4 4743.2 4824.4 4941.9 4957.7 4995.6 5171.6 5315.0 5386.8 5540.8 7250.1 7802.4
1219.44 1763.15 2645.6 2693.6 3002.74 3162.8 3918.48 3942.9 3967.5 4059.2 4113.3 4173.45 4177.9 4347.7 4624.4 4769.9 4839.09 4854.4 4881.1 5010.4 5163.31 5215.8 5403.6 5406.7 5586.0 5599.7 5646.0 5654.0 5683.0 5723.52 5758.0 5806.0 5823.0 5926.5 6086.9 6106.0 6181.0 6492.0 7872.7 8844.1
788.442 1164.891 1601.117 1951.203 1959.412 2468.284 2492.326 2518.422 2676.431 2810.6 2863.958 2896.347 2994.697 3100.727 3332.318 3470.04 3599.554 3634.97 3660.42 3723.79 3941.29 3962.84 4031.95 4061.47 4138.94 4205.64 4294.3 4299.7 4315.65 4410.06 4496.71 4525.22 4551.5 4598.55 4754.23 4757.99 4829.58 4997.4 5018.2 5079.17 5150.7 5204.65 5246.71 5263.13 5313.4 5329.18 5463.5 5473.71 5517.76 5563.66 5578.53 5604.44 5703.15 5734.13 5778.39 5780.01 5956.78 6042.32 6089.87 6184.96 6253.7 6268.4 6340.0 6344.35 6354.93 6379.55 6423.51 6487.76 6538.21 6544.7 6604.38 6642.76 6773.21 6836.52 6952.4 7082.71 7559.19 7564.0
1726.58 3086.14 3103.5 3626.82 3707.79 3741.22 4009.87 4016.29 4176.64 4268.87 4272.59 4396.3 4459.97 4545.6 4801.21 4810.9 4837.61 4853.96 4904.2 4920.6 4923.0 4960.8 4974.0 5009.3 5055.2 5059.1 5143.0 5228.7 5270.6 5283.0 5307.4 5317.1 5372.5 5379.0 5406.0 5490.68 5528.4 5547.0 5570.1 5595.0 5617.9 5645.3 5700.9 5726.3 5909.3 5915.0 5931.0 5944.0 5978.0 5985.9 6000.6 6015.3 6042.2 6047.0 6197.0 6305.1 6323.8 6358.0 6372.0 6415.0 6488.3 6601.0 6668.9 6701.8 6732.0 7020.2 7079.4 7150.0 7200.0 7224.4 7254.5 7300.0 7686.8 7735.0 7990.0 8177.4 8678.0
671.361 755.424 1309.047 1617.411 1692.461 1745.81 1784.81 1941.998 1981.19 2742.88 2751.08 2894.9 3538.1 3564.8 3685.2 3756.2 3821.57 3862.4 3893.39 3974.1 4010.8 4287.0 4834.6
396.42 1301.7 1696.5 1722.5 1745.14 1785.9 2060.5 2237.9 2424.0 2489.6 2571.1 2586.0 2834.5 3115.7 3519.5 3533.9
211.55 244.04 367.1 601.33 643.1 680.8 839.26 888.4 2014.7 2194.4 2414.0 2620.5 4087.2

118.4 589.3 842.2 1268.0 1550.5 1577.7 1711.3 1836.1 2123.8 2241.7 3030.4
