34 46
2090.9 3287.5 3871.0 4127.8 4513.1 4631.0 4865.0 4967.0 5225.0 5542.0
1184.0 1750.6 2600.8 2637.9 2982.81 4065.1 4528.2 4725.8 4785.8 5572.71
1970.39 4178.33 4329.1 4414.36 4440.5 4951.2 4974.05 5171.14 5194.4 5836.0 5856.6 5895.9 6137.1 6217.3 6356.0 6611.2 6645.6 6730.0 6835.2 6836.5 6866.9 7136.5 7139.7 7178.4 7247.4 7258.6 7337.1 7353.9 7432.2 7573.1 7672.1 7709.5 7749.7 7767.0 7879.0 7970.5 8015.9 8132.7 8332.5 8472.0 8555.5 9182.7 9927.0 11902.1 12748.5 15350.8 18298.6 22365.3
1409.82 1611.27 2217.1 2490.6 2796.1 3171.3 3185.1 3273.9 3518.3 3527.2 3602.0 3706.5 3936.7 3979.8 4021.4 4191.0 4283.3 4396.4 4443.5 4573.1 4624.1 4634.3 4743.2 4798.5 4886.7 4980.8 5048.3 5089.8 5101.7 5129.8 5213.4 5407.8 5435.5 5793.4 6150.7 6473.5 7071.4
2167.472 3377.45 3810.224 3936.65 4479.96 4565.4 4585.86 4710.3 4876.84 5084.4 5157.3 5349.5 5513.43 5552.21 5594.7 5658.3 5733.9 5824.9 5857.5 5974.8 6041.8 6053.1 6211.0 6213.8 6249.9 6276.1 6338.6 6353.5 6408.2 6476.6 6485.4 6495.8 6574.3 6601.17 6621.6 6674.2 6681.6 6772.7 6824.0 6846.0 6852.0 6869.9 6904.0 6947.9 7046.0 7069.9 7100.8 7128.0 7181.0 7192.2 7233.0 7236.0 7288.0 7289.6 7332.0 7350.0 7370.0 7376.0 7431.0 7451.0 7485.0 7497.0 7507.9 7528.0 7538.0 7663.0 7667.0 7682.0 7702.0 7786.0 7828.0 7857.0 7859.0 7893.4 7899.0 7911.0 7992.0 8068.0 8077.0 8106.0 8124.0 8129.0 8181.0 8215.0 8233.0 8261.0 8311.0 8353.0 8391.0 8417.0 8481.0 8490.7 8517.0 8520.0 8569.3 8592.0 8650.0 8668.0 8783.0 8789.0 8800.0 8809.0 8828.0 8875.0 8944.0 8956.0 8972.3 8998.0 9338.0 10173.9 10630.9 11614.2
1267.207 1517.54 2092.749 2342.2 2358.282 2433.48 2481.49 2503.417 2523.74 2631.56 2651.1 2755.5 2829.935 2949.95 3061.9 3159.9 3265.6 3287.0 3360.6 3562.6 3992.1 4543.1 5535.5
1460.859 2120.8 2524.1 2892.6 3208.0 3464.48 3511.3 3515.0 3680.8 3918.8 4041.0 4082.5 4226.0 4229.0 4300.8 4324.5 4420.0 4427.0 4473.0 4494.0 4562.3 4578.0 4602.0 4674.0 4769.0 4794.0 4858.0 4929.0 4959.0 4972.0 4991.0 5115.0 5143.0 5165.8 5245.0 5270.1 5293.0 5310.0 5350.0 5378.0 5393.0 5508.0 5544.0 5559.0 5608.7 5611.0 5630.0 5654.0 5662.0 5675.0 5766.0 5818.0 5880.4 5885.0 5912.0 5931.0 5973.0 6013.0 6053.6 6100.0 6104.0 6138.0 6158.0 6185.0 6203.0 6270.0 6305.0 6339.0 6356.0 6476.0 6806.0 6979.0
167.3 516.0 1034.7 1354.0 1870.0 2398.3 2733.4 2948.5 3009.7 3326.7 3968.2 4271.0
1208.24 2414.0 2485.9 2512.5 3013.7 3096.2 3557.9 4005.6 4013.6 4045.8 4127.5 4287.2 4417.4 4633.9
762.3 1381.6 1441.8 1794.0 1816.8 2344.4 2390.5 2520.4 2798.8 4246.9
1158.0 1780.0 2010.6 2746.2 2975.9 4806.7 5351.5

1577.0
