36 46
1112.8 1619.0
1370.85 1380.25 2170.18 2285.24 2750.27 3081.99 3239.3 3314.0 4413.2 4432.4 4669.9 4732.2 4842.4 5049.7
458.7 1698.3 2402.4 2612.9 2646.1 2828.6 2869.9 2992.6 3315.5 3341.7 3420.2 3431.1 3458.0 3614.8 3668.3 3687.9 3701.5 3738.8 3815.2 3840.9 3856.6 3933.6 3978.0 4174.7 4214.4 4317.6 4333.0 4394.7 4410.0 4588.0 4704.6 4723.0 4901.2 4988.8 5047.8 5133.1 5216.4 5253.6 7396.6 8692.8 8747.3 10980.2
2522.5 2814.3 3019.2 3597.5 3883.1 3938.8 3944.3 4082.3 4095.3 4126.0 4475.1 4514.3 4520.2 4678.6 4737.5 4737.9 4930.1 5009.1 5010.6 5163.9 5165.5 5173.4 5262.7 5318.2 5354.0 5501.9 5597.9 5643.4 5711.5 5718.3 5788.3 5801.6 5826.3 5891.0 5937.9 6005.6 6042.0 6093.0 6110.5 6186.0 6192.0 6246.0 6246.8 6331.0 6356.0 6396.0 6410.0 6434.2 6460.0 6475.1 6501.0 6528.0 6546.0 6653.0 6686.0 6740.0 6818.0 6828.0 6916.0 6943.0 7021.0 7051.0 7092.1 7141.7 7170.0 7200.0 7260.0 7568.6 7588.0 7776.4 7867.0 8028.4 8253.0 8369.9 8390.0 9909.6
29.8299 800.143 891.4 1643.65 1959.08 2047.35 2069.81 2103.67 2260.4 2289.88 2290.5 2397.17 2419.18 2542.8 2575.95 2626.0 2730.38 2746.92 2756.73 2786.65 2787.1 2807.89 2879.1 2950.7 2985.87 3027.97 3100.2 3109.75 3128.38 3146.44 3153.82 3228.68 3368.04 3393.64 3414.36 3439.16 3486.17 3556.97 3599.24 3629.94 3663.75 3738.5 3767.87 3797.58 3821.43 3840.25 3868.67 3887.93 3923.8 4020.35 4104.47 4110.86 4149.01 4180.04 4213.07 4253.63 4280.54 4365.6 4384.0 4395.9 4419.38 4473.0 4537.08 4744.11 4788.65 4872.56 4875.6 4992.96 5063.49 6227.0 7472.4
980.476 1293.609 1559.903 1582.001 1593.107 1677.235 1698.005 2143.82 2166.7 2316.62 2440.1 2447.83 2494.91 2507.93 2527.66 2593.97 2600.0 2676.1 2710.3 2712.57 2756.73 2761.73 2774.25 3048.22 3141.84 3142.43 3162.2 3179.8 3213.61 3229.8 3235.57 3240.65 3277.9 3431.84 3450.1 3488.5 3521.38 3534.45 3560.61 3572.38 3578.3 3579.2 3612.77 3626.1 3651.46 3740.1 3761.54 3774.66 3826.9 3861.3 3870.52 3897.0 3911.7 3990.4 3996.49 4026.7 4026.94 4146.15 4164.57 4220.62 4228.99 4244.22 4260.36 4274.2 4274.96 4303.01 4340.9 4345.66 4459.72 4525.37 4568.75 4609.48 4674.0 4730.7 4735.86 4745.49 4749.47 4823.33 4848.5 4862.43 4927.83 4948.94 4962.3 4982.9 5021.23 5096.2 5101.2 5129.4 5185.27 5298.86 5401.7 5496.61 5548.19 5557.39 5575.24 5604.58 5610.83 5655.66 5659.25 5800.8 5826.66 5886.95 5912.5 5952.41 5968.89 6040.67 6070.76 6078.56 6186.04 6211.5 6229.88 6255.96 6290.05 6394.31 6434.51 6450.15 6497.0 6528.13 6769.77 6782.54 6791.36 6835.43 6995.53 7020.97 7035.28 7361.15 7593.06 7654.93 7938.98 8190.21 8200.11 9740.7
106.828 258.261 638.726 681.943 699.08 783.87 841.94 1110.747 1143.59 1197.9 1254.82 1266.305 1273.54 1375.96 1377.12 1400.04 1407.922 1453.07 1463.65 1489.27 1513.08 1538.73 1692.0 1723.42 1745.61 1816.87 1842.98 1861.9 1913.48 1936.06 1937.5 1947.4 1987.97 2049.32 2072.0 2113.8 2161.62 2187.2 2204.03 2238.62 2251.09 2358.97 2366.19 2388.83 2401.82 2422.13 2482.16 2524.7 2573.63 2607.02 2627.85 2644.31 2653.79 2718.12 2765.96 2862.71 2877.98 2917.02 2926.09 2938.59 2991.51 3008.35 3014.46 3021.1 3040.15 3168.1 3195.82 3210.64 3233.92 3284.4 3287.19 3295.32 3304.34 3323.74 3367.34 3418.45 3421.28 3497.81 3502.9 3528.95 3559.9 3621.24 3658.59 3674.15 3696.44 3770.64 3794.64 3798.15 3831.71 3861.99 3876.98 3888.34 3890.13 3934.64 4013.92 4036.93 4039.95 4053.9 4092.14 4103.77 4105.3 4128.34 4152.39 4154.67 4179.44 4259.12 4389.78 4416.61 4428.25 4443.15 4481.05 4556.67 4576.26 4590.59 4603.5 4612.78 4660.73 4715.41 4745.9 4748.54 4778.04 4806.84 4853.6 4878.6 4904.0 4939.0 4943.0 4960.0 5003.0 5064.0 5081.0 5097.0 5179.0 5247.0 5319.0 5477.0 5630.0 5697.0 5711.0 5760.0 5790.0 5847.0 5954.0 5978.0
561.2 738.1 975.0 1110.3 1206.9 1509.9 1549.6 1850.1 1866.0 2048.3 2177.6 2189.5 2344.8 2509.3 3057.0 3115.2 3139.0 3263.6 3309.4 3393.1 3454.9 3608.1 3646.0 3714.2
182.7 382.9 520.1 811.7 969.0 1013.6 1051.4 1076.8 1241.0 1367.9 1459.6 1886.1 2325.9 2574.3
474.45 1020.03 1081.38 1424.3 1473.9 1639.15 1722.6 2188.22 2517.0 2568.7 2747.9 2786.6 3311.18 3398.3 3707.2 3996.62 4044.0 4357.3 4569.1
587.4 690.9 885.5 1369.9 1738.4 1944.34
