38 52
2206.0 3057.0 3685.0
2468.7 2796.9 3026.0 3639.8 3825.0 3869.8 3890.4 3935.5 3952.8 4021.6
3352.62 3736.69 3904.38 4491.43 5211.56 5248.79 5278.8 5613.52 5629.41 5902.63 6025.47 6029.71 6285.15 6422.4 6507.87 6542.8 6582.47 6750.41 6908.7 6931.29 6932.0 6938.0 6950.48 7113.1 7113.73 7239.07 7277.82 7300.67 7399.0 7421.9 7446.23 7466.35 7532.26 7561.17 7623.11 7658.23 7677.0 7694.08 7701.8 7769.4 7814.7 7872.18 7928.42 7975.0 7976.5 8018.8 8091.61 8102.0 8113.2 8134.77 8187.5 8271.0 8276.0 8323.16 8338.0 8358.9 8373.94 8424.81 8439.0 8484.02 8540.0 8551.1 8578.8 8587.0 8665.3 8678.29 8748.22 8764.18 8937.0 8980.6 8994.5 9031.9 9306.0 9855.0 11004.0 11687.0 11710.0 11988.0 12337.0 12593.0 13116.0 13537.0 14233.0 15154.0 15270.0 15749.0 16530.0 16581.0 17699.0 18055.0 18500.0 18724.0 19197.0 20580.0 22063.0
1942.76 2009.9 2462.3 2576.5 2605.6 2670.5 2883.9 2959.3 3049.9 3201.3 3369.59 3400.0 3494.9 3527.3 3613.5 3614.4 3677.0 3730.6 3740.4 3829.83 3845.9 3914.8 3944.4 3974.4 3976.0 4015.1 4096.9 4184.2 4277.3 4328.0 4343.1 4415.0 4451.0 4519.6 4550.1 4603.1 4728.1 4733.0 4752.7 4778.8 4815.7 4882.6 4974.9 5010.2 5057.1 5119.6 5154.4 5194.9 5219.1 5283.3 5290.3 5411.4 5468.8 5506.5 5670.2 5719.0 5817.2 5975.9 6325.0 6822.3 6826.3 7146.0
1524.7 1837.3 2424.17 2752.41 3189.44 3253.88 3300.0 3392.0 3446.94 3654.0 3885.0 3954.39 3999.67 4047.0 4099.71 4117.0 4232.0 4342.3 4354.0 4418.0 4443.0 4448.8 4505.0 4567.0 4690.07 4715.0 4759.9 4866.0 4896.0 4904.0 4947.0 4971.0 5017.04 5075.0 5158.0 5188.0 5210.0 5214.0 5320.0 5345.0 5358.0 5380.0 5393.0 5439.0 5472.0 5491.0 5491.2 5510.0 5530.0 5578.0 5593.0 5601.0 5624.0 5665.0 5670.0 5690.0 5716.0 5725.0 5744.3 5769.0 5775.0 5797.0 5806.0 5822.0 5866.0 5875.0 5924.0 5927.0 5994.0 6003.0 6020.0 6028.0 6038.0 6093.0 6103.0 6113.0 6141.0 6145.1 6182.0 6212.0 6248.0 6408.9 6542.0 6554.0 6585.0 6635.0 6675.0 6700.0 6715.0 6746.0 6817.0 6896.0 6940.0 6975.0 7130.0 7198.0 7282.0 7345.0 7361.0 7368.6 7389.0 7415.0 7420.0 7542.0 7560.0 7634.0 7697.0 7724.0 7750.8 7758.0 7801.0 7838.0 7920.0 7940.0 8050.0 8060.0 8083.0 8102.0 8297.5 8365.0 8450.0 8512.0 8517.0 8522.4 8580.0 8611.0 8745.0 8774.0 8847.0 8950.0 9037.0 9206.0 9378.0 9760.0 9842.0 10036.0 10450.0
372.761 593.394 990.257 1394.472 1677.8 1902.1 1931.5 1957.4 2046.2 2067.2 2093.9 2102.8 2224.0 2249.0 2272.6 2409.7 2611.1 2673.7 2696.5 2754.1 2769.6 2844.8 2878.4 2943.5 2951.3 3028.7 3030.0 3049.6 3050.7 3076.0 3096.0 3097.1 3195.7 3278.0 3285.7 3315.2 3371.3 3376.6 3505.4 3572.2 3662.6 3816.2 3943.9 4136.0 4174.7 4186.6 4207.2 4394.9 4591.1 4603.4 4621.3 4641.6 4901.2 5037.6 5155.5 5394.8 5555.5 5931.6 6223.7
1157.03 1883.52 2283.12 2656.51 3044.26 3285.0 3301.28 3307.87 3357.3 3580.6 3661.53 3676.1 3711.98 3776.26 3913.71 3922.62 4011.5 4092.0 4094.0 4195.7 4260.3 4315.2 4358.44 4399.2 4409.17 4436.7 4480.0 4552.65 4564.8 4572.6 4584.0 4651.0 4690.2 4804.2 4824.4 4866.1 4884.02 4904.6 5005.7 5025.7 5087.6 5096.8 5130.2 5162.5 5201.1 5210.0 5230.3 5289.2 5300.7 5324.9 5342.8 5367.0 5375.1 5459.2 5548.7 5561.0 5733.2 5775.7 5866.6 6040.2 6145.7 6211.3 6672.7
174.266 1434.71 1554.37 1879.91 1884.4 1899.87 1940.19 2249.05 2353.79 2392.29 2523.1 2683.0 2771.1 2842.03 2877.99 2976.8 3023.7 3241.27 3294.5 3418.28 3490.7 3556.01 3654.0 3705.0 3783.22 3837.96 3941.83 4615.68 4999.69
1346.0 2423.1 2574.7 2973.9 3022.6 3614.0
2013.54 2578.34 2599.55 2875.21 4057.83 4531.0 4809.17 5503.4
3831.72 4283.33 4503.34 4506.96 4612.0 5145.6 5260.6 5311.43 5369.84 5729.33 6104.83 6336.8 6345.01 6614.2 6648.99 6685.8 6791.5 6805.35 6830.5 6895.79 6897.0 7007.3 7031.9 7298.6 7301.5 7370.6 7400.87 7407.3 7440.6 7497.17 7568.5 7659.0 7784.0 7956.0 8026.0 8047.0 8236.0 8248.0 8273.0 8384.0 8467.0 8477.0 8522.0 8531.0 8604.0 8680.0 8788.0 8797.0 8806.0 8967.0 9290.0 9292.0
2023.2 3351.0 3585.0 3861.0 3991.0 4010.0 4072.0 4272.0 4416.0 4885.0
1026.0 2999.0 4035.0 4880.0
3462.0 3530.0
2563.1
