41 54
1716.45 2414.8 2588.1 2666.64 2719.17 2882.47 2972.1 3013.0 3185.1 3411.5 3480.0 3562.7 3678.0 3696.7 3774.0 3780.7 4022.8 4030.2 4245.0 4328.0 4441.0 4514.0 4810.0 4951.0 5011.0 5036.8 5143.0 5376.0 5578.0 5650.0 5709.0 5939.0 5971.0 6148.0
611.051 1490.43 1510.1 1586.31 1846.0 1873.6 1888.9 2187.54 2222.7 2223.15 2269.13 2296.5 2389.06 2433.33 2455.0 2486.59 2535.1 2586.8 2650.98 2795.3 2815.37 2833.2 2847.6 2910.4 2995.53 3022.8 3089.1 3223.82 3321.36 3322.8 3392.7 3668.7 3687.8 3719.3 3933.5 4047.72 4468.8 5995.8 6076.41 6174.2 6253.4
151.4 472.3 845.2 855.1 880.3 1158.4 1178.9 1336.8 1408.0 1650.8 1810.7 1829.9 1882.6 1931.4 1962.9 2094.3 2106.0 2114.3 2141.7 2242.6 2288.3 2335.4 2382.7 2458.6 2552.5 2580.0 2635.4 2670.3 2760.0 2795.2 2810.7 2840.0 2846.2 2861.0 2875.0 2984.9 2987.4 3123.2 3140.6 3158.8 3197.6 3259.8 3292.9 3327.2 3332.0 3375.2 3451.5 3463.3 3503.0 3631.5 3645.4 3683.0 3733.8 3754.7 3757.0 3806.6 3843.0 3860.0 4007.0 4038.0 4157.0 4371.0 4430.0 4455.0 5517.3 6428.7 7354.9
67.868 146.224 234.7 270.95 349.84 424.77 531.2 630.94 666.7 763.1 968.0 986.7 1006.3 1050.0 1185.8 1197.28 1326.0 1427.0 1507.0 1532.0 1567.0 1595.0 1648.3 1651.6 1680.6 1731.0 1767.6 2671.3 3566.8 3975.1 4113.0
12.4 376.5 543.06 720.12 939.24 974.38 1067.6 1236.7 1303.18 1408.87 1433.48 1472.5 1556.2 1662.0 1800.0 1900.7 1930.6 1935.5 2031.2 2093.0 2106.2 2138.4 2151.0 2152.0 2221.8 2224.2 2288.5 2303.8 2321.5 2341.0 2352.2 2531.0 2563.2 2590.0 2601.4 2778.7 2860.7 2895.2 2903.8 2964.0 2979.8 3025.5 3092.0 3104.0 3111.2 3159.1 3294.8 3366.4 3457.0 3462.1 3487.4 3525.2 3548.5 3569.8 3584.0 3692.86 3714.3 3722.3 3882.0 4084.9 4505.0 4662.0 5418.8 7711.0 7713.2 7715.7 7724.9 7775.1 8112.3 8128.4 8437.0 8472.0 8476.4 8485.0 8492.0 8498.3 8503.9 8510.0 8516.5 8519.9 8529.0 8529.8 8533.7 8543.8 8553.2 8580.7 8592.0 8607.0 8616.7 8658.7 8665.5 8675.1 8697.0 8712.2 8716.6 8736.1 8749.7 8755.0 8766.8 8794.8 8807.5 8813.9 8824.7 8838.2 8845.0 8863.3 8871.1 8886.2 8888.9 8892.2 8908.7 8917.7 8935.5 8948.2 8949.4 8961.7 8965.8 8983.0 8996.8 9017.5
52.011 142.528 227.767 280.701 289.539 444.137 584.782 627.429 774.021 835.092 991.33 1088.588 1124.23 1270.46 1321.12 1394.18 1427.9 1526.74 1642.68 1692.2 1707.83 1763.24 1799.44 1886.06 1919.88 1921.1 2043.45 2062.25 2070.31 2084.47 2114.13 2119.3 2203.14 2221.71 2252.8 2291.84 2330.19 2366.75 2375.28 2395.97 2410.45 2431.17 2442.3 2451.11 2459.64 2494.48 2521.67 2558.91 2568.06 2589.99 2643.05 2662.72 2694.57 2705.24 2714.09 2783.02 2833.94 2855.98 2863.34 2890.65 2940.19 2956.71 2979.67 3002.36 3017.06 3032.02 3056.94 3081.65 3094.66 3136.32 3176.54 3191.81 3204.94 3229.84 3260.4 3278.76 3314.1 3381.48 3396.67 3414.32 3424.54 3443.28 3474.22 3493.24 3550.31 3597.07 3605.26 3620.43 3631.97 3654.77 3675.47 3707.38 3721.42 3766.7 3785.36 3813.81 3841.11 3868.62 3876.65 3937.29 3945.3 4039.69 4074.67 4081.12 4103.8 4142.61 4261.46 4294.65 4319.09 4383.08 4432.77 4447.83 4467.08 4522.75 4528.54 4587.16 4606.43 4694.59 4701.03 4719.64 4754.3 4761.07 4787.27 4873.4 4882.57 4961.45 5049.44 5092.96 5301.83 5346.16 5541.5
766.83 807.89 1146.99 1297.12 1391.3 1404.4 1797.6 1857.1 1878.2 2002.3 2148.2 2207.5 2381.3 2408.6 2410.3 2499.4 2529.4 2641.9 3302.5 3867.0 10300.0 10302.0 10305.0
130.94 252.35 622.64 1142.58 1401.7 1891.07 2064.1 2103.6 2190.46 2275.49 2310.0 2390.7 2517.3 2560.2 2619.6 2640.1 2670.3 2729.0 2783.3 2811.2 2891.3 2924.0 2980.8 3026.2 3056.5 3149.9 3216.1 3295.6 3301.9 3327.8 6677.5
2228.1 2371.3 3084.5 3516.2 3808.4 3991.3 4072.07 4493.43 4738.45 5376.3 6010.7 6306.0 6414.7 6502.1 6728.0 6984.8 7063.1 7228.2 10569.0 10690.0 11546.0 11550.0 11560.0 15480.0 15544.0 15562.0 15583.0 15600.0 15620.0 15662.0
256.895 328.447 1847.772
861.62 1167.33 1394.02 1715.02 2347.2 2708.8 3038.69 3195.2 3390.6 3772.1
675.21 1636.43 2745.7 3458.1 4265.7

110.0
