42 54
1556.0 1854.2 2396.1 2676.6 3043.0 3335.0 3744.0
313.0 1022.4 1483.5 1857.7 2062.4 2951.7 3066.4
1083.05 1904.3 2454.29 2531.02 2886.6 3175.8 3364.0 3415.3 3645.8 3755.9 3942.7 3980.0 4015.31 4061.2 4115.6 4227.0 4499.9 4792.2 4803.1 5152.4 5305.0 5421.0 5670.2 6508.5 6572.4 6606.4 6848.84 6923.9 7216.0 7408.5 7634.0 7671.1 8039.9 8067.0 8318.0 8385.0 8416.0 8449.0 8511.0 8534.0 8565.0 8627.0 8639.0 8756.0 8861.6 8947.0 8954.0 8960.0 8987.0 8992.0 9140.0 9180.0 9215.0 9227.0 9239.0 9298.0 9338.0 9361.0 9698.0 9713.0 9722.9 9908.0 10386.0 10463.7 11085.9 11546.7 12200.0 13000.0 13369.6 14100.0 14550.0
36.74 39.71 329.5 744.14 1227.03 1353.63 1468.16 1521.0 1565.6 1799.2 1882.08 1958.4 2016.0 2258.4 2432.1 2474.8 2531.6 2656.49 2849.6 2911.9 3015.26 3156.2 3601.64 3937.8 5419.5 6162.5 7143.0
889.286 2009.846 2611.0 2961.8 3058.46 3168.0 3213.0 3235.7 3298.86 3441.39 3569.3 3571.7 3579.8 3610.2 3723.8 3737.9 3826.43 3845.0 3852.44 3856.0 3889.3 3905.6 3941.9 4003.1 4025.3 4038.8 4130.1 4178.7 4191.5 4315.8 4322.6 4372.0 4417.1 4523.4 4662.3 4697.0 4726.4 4827.2 4896.9 5023.7 5079.0 5180.0 5197.6 5280.0 5530.0 5794.0 5950.0 6025.0 6150.5 6200.4 6241.9 6266.0 6395.0 6830.3 7941.8 7960.8 8217.5 8283.9 8716.2 10041.6 10380.0 12974.0 13169.0
159.376 1252.1 1444.25 1549.8 1793.9 1825.0 2163.2 2166.7 2259.5 2297.1 2364.9 2406.2 2416.3 2499.4 2525.8 2548.2 2572.9 2599.6 2619.4 2668.0 2682.31 2748.88 2757.6 2785.1 2793.3 2800.2 2809.5 2828.5 2838.9 2846.3 2855.0 3033.1 3051.5 3176.0 3225.8 3251.6 3277.7 3287.73 3368.9 3400.5 3434.6 3484.5 3515.5 3544.8 3553.6 3567.97 3582.7 3622.5 3676.1 3701.8 3727.1 3780.0 3827.1 3922.0 3993.94 4494.11 4672.9 5197.44 5355.0 5372.0 5746.0 6088.6 6366.4 7349.0 7481.0 8005.1
983.519 2295.625 2421.023 2997.19 3223.924 3239.735 3333.178 3358.802 3370.842 3508.536 3616.784 3633.0 3699.45 3711.0 3738.5 3782.436 3802.75 3852.23 4035.115 4046.0 4073.9 4074.479 4196.83 4205.3 4210.0 4258.0 4311.6 4348.0 4381.0 4387.654 4398.0 4404.0 4457.42 4564.7 4580.67 4719.102 4757.71 4783.28 4792.25 4794.09 4795.0 4861.0 4885.0 4910.55 4914.7 4924.86 4940.02 4956.0 4966.0 4972.0 4996.7 5145.77 5155.0 5157.65 5169.0 5197.3 5252.0 5274.0 5300.0 5312.0 5313.0 5340.0 5356.19 5385.0 5391.0 5490.75 5500.0 5519.0 5526.0 5545.0 5546.0 5569.0 5616.0 5619.54 5630.0 5639.96 5642.0 5762.0 5805.0 5825.7 5846.0 5886.0 5888.49 5892.0 5916.2 5974.0 5990.0 5996.0 6034.0 6036.0 6039.0 6040.0 6042.4 6044.0 6051.0 6054.51 6084.0 6086.0 6103.1 6119.0 6126.0 6138.0 6147.0 6153.0 6172.0 6176.0 6183.0 6223.0 6234.0 6236.0 6240.4 6246.0 6254.0 6268.0 6313.68 6316.0 6322.0 6331.0 6337.0 6363.0 6365.13 6394.0 6400.0 6406.12 6414.0 6434.0 6451.0 6460.5 6476.0 6490.41 6491.0 6493.0 6507.0 6514.0 6524.0 6530.0 6536.0 6539.0 6541.58 6544.0 6573.0 6584.0 6604.3 6617.0 6626.47 6634.0 6653.0 6661.0 6680.0 6707.0 6707.74 6711.0 6744.0 6757.0 6770.0 6796.9 6808.0 6814.0 6825.0 6827.25 6831.0 6841.0 6869.0 6878.0 6880.0 6885.0 6898.24 6906.0 6916.0 6944.0 6955.0 6957.1 6966.0 6972.0 6975.0 6976.27 6979.0 6984.0 6985.0 7033.0 7040.0 7041.0 7054.0 7060.53 7069.0 7071.0 7075.0 7093.0 7100.0 7110.0 7111.0 7118.0 7124.0 7149.0 7162.0 7183.0 7199.0 7221.0 7221.6 7256.0 7274.0 7289.0 7322.0 7326.0 7344.0 7353.0 7358.92 7374.0 7387.0 7427.0 7431.0 7442.0 7450.0 7476.0 7483.0 7484.0 7497.0 7531.0 7535.0 7541.55 7556.0 7571.0 7574.04 7586.0 7587.0 7616.08 7623.0 7656.0 7668.0 7709.0 7969.0 8010.0 8091.0 8199.0 8255.0 8323.0 8572.0 8592.0 8672.0 8933.0 8996.0 9025.0 9977.0
1381.767 1542.15 1585.966 1622.93 1723.473 1762.011 2261.3 2471.4 2504.44 2505.5 2513.37 2520.1 2664.34 2720.6 2721.3 2980.5 3038.68 3042.5 3175.286 3260.703 3290.3 3428.29 3468.99 3618.44 3702.4 3786.1 3787.69 3855.0 3942.7 4074.14 4221.805 4382.3 4433.28 4507.3 4588.24 4666.668 4811.02 4910.85 5115.57 5151.05 5412.09 5795.51 8884.8
1553.778 2674.91 3198.706 3862.79 3868.2 3974.9 4147.189 4171.968 4172.5 4309.85 4409.99 4486.71 4789.95 4880.676 5186.069 5379.907 5440.72 5547.78 5694.83 5806.51 5837.2 5946.442 6123.11 6135.2 6156.44 6301.76 6379.83 6399.77 6481.1 6521.36 6539.7 6710.53 6729.82 6769.3 6837.6 6849.0 7029.37 7078.68 7232.16 7482.92 7539.5 7570.6 8257.7 8790.4
1166.7 1437.3 1567.5 2144.0 2198.1 2344.6 2691.4 2731.2 2754.2 2905.8 2919.3 3062.3 3173.8 3237.4 3618.5 3644.1 3771.3 4095.0 4186.6 4882.1
1049.73 2264.2 2317.65 2431.59 3027.7 3143.2 3349.9 3452.7 3588.8 3922.2 4022.3 4077.6 4212.0 4286.1 4477.9 4786.5

1000.0 2700.0
