45 54
56.3 57.1 385.9 796.5 1272.5
801.46 914.93 993.6 1179.6 1224.88 1236.5 1254.0 1262.6 1366.5 1376.1 1431.8 1539.8 1604.21 1665.9 1725.6 1795.8 1833.9 1956.0 2054.8 2062.5 2370.9 2388.0 2429.9 2756.9 2814.9 2833.9 2867.6 2923.6 3093.6 3110.7 3145.3 3188.9 3315.1 3365.7 3406.0 3407.8 3522.0 3641.4 4183.6 4224.8 4476.0 4566.1 4844.3 4917.4 4932.4 4946.1 5282.4 6255.3 7104.7 7165.5 7727.8 8199.4 8268.2 8487.6 9811.5 10104.6 10850.5 11756.7 11779.3 13630.6
87.525 145.821 259.486 660.358 1138.55 1271.8 1294.96 1660.62 1746.96 1968.92 2082.72 2175.86 2211.75 2416.0 2439.54 2558.0 2614.1 2722.63 2747.12 2767.32 2810.04 2984.29 3005.45 3054.22 3247.73 3272.0 3303.53 3355.49 3362.65 3370.52 3517.08 3524.6 3590.35 3659.71 3694.4 3718.0 3721.29 3762.7 3773.4 3822.6 3869.0 3875.8 3876.0 3890.1 3892.26 3952.6 3955.0 3958.7 3984.97 4080.6 4099.06 4100.31 4118.12 4132.6 4150.35 4197.3 4207.1 4222.48 4271.6 4271.75 4345.19 4392.8 4402.6 4406.4 4453.7 4509.52 4510.01 4543.02 4568.68 4694.33 4719.2 4733.8 4792.9 4796.8 4807.3 4852.5 4907.6 4955.12 4976.5 4998.7 5001.0 5016.0 5108.65 5123.86 5142.16 5222.71 5240.0 5635.8 5738.0 5853.25 5885.0 5886.0 5887.17 5894.43 5905.5 5962.0 5994.1 6023.4 6087.3 6121.86 6132.39 6157.3 6165.97 6190.37 6229.46 6239.8 6270.69 6296.35 6350.73 6373.56 6387.01 6392.5 6393.63 6425.6 6427.12 6475.09 6679.38 6682.84 6692.86 6700.0 6871.0 6953.4 7400.0 7884.0 10003.0
308.27 420.65 427.91 518.66 613.38 627.29 744.98 764.96 776.2 1055.77 1099.18 1120.8 1254.6 1264.59 1521.39 1557.55 1685.47 1691.5 1780.98 1998.44 2062.42 2197.6 2231.8 2295.0 2337.4 2397.7 2412.0 2447.4 2470.0 2493.7 2604.8 2626.6 2779.4 2789.5 2823.0 3013.0 3018.0 3074.0 3172.2 3243.4 3425.0 3565.0 3586.0 3699.0 3866.0 3977.1 4150.1 4307.1 4390.9 4674.6 4698.0 4798.0 4966.7 6240.2 8285.0 8584.0
90.6392 152.9282 748.27 1021.62 1140.53 1155.32 1514.54 1602.68 1643.19 1646.43 1661.4 1994.7 2178.3 2182.0 2234.0 2263.3 2265.3 2309.4 2353.4 2388.0 2408.3 2671.0 2671.3 2680.0 2727.5 2741.0 2786.4 2796.6 2808.3 2810.9 2861.5 3017.3 3133.9 3152.1 3224.0 3239.5 3259.5 3303.2 3325.2 3340.5 3341.8 3388.0 3388.5 3462.9 3500.6 3531.0 3623.9 3639.8 3665.9 3741.0 3742.4 3816.0 3841.0 3912.0 4002.0 4088.0 4129.0 4253.0 4373.0 4498.0 4590.0 4635.0 4947.0 5212.0 5529.7 5689.9 6844.9 7745.0 7750.0 7801.4 7838.7 7910.2 7943.5 8013.0 8058.1 8071.8 8092.6 8104.2 8117.5 8131.5 8290.3 8416.1 8525.3 8628.2 8633.1 8640.9 8642.9 8682.0 8784.9 8788.8 8851.5 8867.2 8877.0 8880.9 8890.7 8893.6 8895.6 8902.5 8912.2 8921.1 8925.0 8927.9 8942.6 8965.1 8998.5 9008.2 9029.8 9037.6 9044.5 9056.2 9071.9 9075.8 9078.8 9082.7 9089.5 9094.4 9118.0 9131.7 9135.6 9148.3 9154.2 9161.1 9167.9 9168.9 9174.8 9182.6 9193.4 9195.3
226.2 320.16 355.4 388.4 836.3 910.0 910.1 1301.4 1331.5 1401.9 1495.3 1518.4 1561.7 1677.2 1700.2 1703.1 1718.9 1724.6 1725.2 1751.5 1761.5 1762.3 1810.8 1882.4 2312.6 2425.0 2478.3 2816.0 2850.0 3177.0 3220.0 3462.0 3556.0 3729.4 4266.0 4292.3 4809.0 8583.0
320.0833 928.66 1609.23 1813.24 2410.78 2547.4 2677.43 2699.62 3083.62 3214.8 3264.03 3279.99 3377.72 3381.1 3383.2 3385.58 3395.02 3412.2 3443.92 3454.09 3517.02 3554.8 3562.6 3568.2 3576.63 3614.05 3623.7 3632.03 3663.1 3668.0 3677.8 3683.0 3722.7 3748.0 3765.2 3779.5 3796.5 3803.61 3872.1 3873.72 3874.0 3902.34 3919.46 3943.31 4002.54 4025.29 4052.5 4124.01 4224.8 4237.4 4446.68 4493.91 4560.51 4582.79 4651.2 4660.8 4770.0 4820.83 4864.7 4894.23 4916.13 4943.9 5019.9 5030.24 5113.27 5138.5 5181.8 5188.41 5208.46 5256.0 5308.15 5311.2 5325.44 5333.26 5341.3 5347.1 5403.74 5433.46 5506.8 5628.61 5808.06 5817.68 5849.8 5913.57 5943.17 5948.47 5981.36 6038.56 6046.1 6059.35 6100.72 6114.17 6219.5 6247.57 6260.02 6264.51 6266.54 6297.15 6379.83 6437.75 6464.09 6485.38 6495.92 6570.42 6579.41 6675.42 6830.62 6931.2 6977.34 7334.6 8211.0 9402.7 9407.49 9413.8 11593.3 11608.5
17.156 22.764 141.611 147.845 436.635 793.545 845.943 1289.847 1418.812 1493.06 1558.846 1579.16 1732.572 1759.623 1770.173 1795.118 2100.828 2168.637 2318.03 2427.656 2538.821 2543.0 2559.38 2743.05 2775.88 2824.58 2858.876 2910.38 2987.29 3009.15 3059.54 3184.31 3194.269 3198.91 3315.2 3333.19 3450.04 3473.79 3538.51 3575.97 3644.97 3729.61 3733.15 3777.09 3808.51 4108.7 4278.7 4285.26 4419.58 4483.0 4518.9 4609.44 4755.02 5038.88
127.6 228.41 1091.24 1266.0 1549.6 1653.0 1904.01 1957.6 2084.0 2420.4 2550.6 2584.0 2829.5 2930.5 4085.2
108.0 244.65 1214.61 1828.9 2297.9
