47 56
99.4 175.1 472.0 870.0 1333.2 1346.0 1957.0 2619.0 2655.5 3471.0 3768.0 4140.0 4216.0 5376.0 5906.0 7729.0 9841.0
752.16 1858.39 3445.2 3533.5 4064.2 4428.7 4512.0 4653.0 4876.0 5032.5 5189.0 5294.1 5608.2 5792.72 7066.9 8414.0 10436.0 10615.0
271.93 1082.5 1561.3 1703.4 1741.4 1982.2 2168.6 2432.1 2498.1 2504.0 2578.3 2613.2 3188.7 3250.0 3511.0 3893.0 3913.0 4217.2 4365.4 4764.0 5573.0 5860.8 5962.9 6134.9 6423.0 6435.7 6470.0 6765.0 7271.8 7635.8 8007.9 8310.8 10224.0 10702.0
783.3 1881.29 2924.5 3161.1 3163.69 3324.57 3594.55 3611.3 3629.5 3697.7 3792.3 3825.4 3827.0 3844.3 3874.9 3895.3 3937.7 4051.7 4070.4 4129.7 4192.9 4523.9 4546.2 4653.5 4745.0 4993.0 6341.3 6951.2 7613.0 7646.0 8888.0
749.1 776.95 1164.59 1352.65 1480.07 1557.26 1899.2 2001.91 2255.5 2312.58 2379.46 2385.4 2704.39 2762.6 2767.3 2828.5 2890.2 2908.1 2911.0 2948.2 3001.7 3004.4 3018.6 3055.9 3109.21 3125.9 3134.8 3180.7 3204.1 3207.22 3262.6 3266.9 3344.21 3348.3 3351.1 3447.5 3578.4 3722.1 3766.8 3770.5 3816.7 3831.37 3870.7 3900.3 3927.5 3933.7 3953.2 3971.2 3977.4 3984.8 4005.2 4006.6 4017.2 4040.0 4071.2 4106.7 4111.0 4119.1 4136.7 4155.0 4161.5 4181.7 4189.2 4239.2 4254.2 4273.0 4289.3 4354.6 4405.6 4560.9 4637.0 4769.6 4833.6 5205.2 5563.0 5668.2 5711.0 6162.0 6894.0 7208.4 7247.9 8485.0
1434.09 2369.629 2646.9 2767.765 2964.785 3113.86 3161.74 3415.31 3472.24 3615.924 3771.72 3951.2 4015.5 4039.2 4563.0 4627.38 4750.31 4805.88 4815.69 5396.8 5824.7 6365.3 6452.4 6453.4 7237.9 8216.5 11256.0 11262.0 11273.0 11289.0 11399.0 11691.0 12033.0 12039.0 12101.0 12793.0
564.03 1006.27 1289.52 1536.62 1973.66 2172.33 2233.16 2320.71 2453.1 2656.4 2669.9 2705.87 2708.5 2771.0 2826.5 2992.9 3084.11 3137.1 3172.1 3180.05 3243.58 3262.14 3381.7 3434.6 3592.4 3616.51 3695.5 3706.5 3971.1 3985.2 4135.1 4230.5 4349.8 4361.6 4696.91 5001.3 7940.2
834.855 1823.92 2619.68 2829.61 3074.07 3159.56 3222.33 3393.41 3436.88 3655.22 3720.03 3785.68 3798.54 3861.02 3870.4 3925.55 3927.69 3987.42 4012.9 4042.52 4083.22 4126.72 4127.12 4190.8 4217.51 4239.1 4256.4 4380.95 4451.0 4458.4 4570.8 4633.6 4680.83 4844.7 4872.36 5084.9 5113.6 5189.6 5226.55 5268.46 5291.3 5294.23 5345.7 5362.99 5586.87 5794.5 5821.51 5856.4 6142.3 6316.36 6445.3 6617.0 6719.8 6723.4 7234.5 7290.1 7894.3 8236.2 8824.6 8857.1 9153.6 9633.7 9971.0 10550.8 11113.8 11785.1 12539.1
241.91 517.7 565.91 880.71 1131.0 1214.75 1438.82 1474.2 1479.03 2083.85 2086.1 2269.24 2390.4 2686.99 2755.49 2880.36 2894.54 3306.22 4005.4 4044.25
1006.61 1831.6 2076.6 2326.8 2681.7 3165.0 3252.0 4448.9 5603.3
