49 60
261.0 1058.9 1541.2 2480.7 3188.9 4249.8 4445.9 6055.9 8080.0 10724.0
651.0 800.1 1030.0 1143.2 1710.0 1769.1 1801.9 1875.3 1920.0
237.3 1139.8 1488.0 1817.1 1824.6 1959.1 2140.4 2255.7 2275.9 2310.0 2415.9 2701.6 2841.4 2893.0 2914.0 2956.9 2983.5 3029.0 3048.6 3058.1 3130.5 3250.2 3292.3 3423.3 3554.1 3679.9 3694.5 3826.0 3835.0 3877.0 3893.2 3931.8 3955.0 4005.9 4046.0 4052.0 4091.2 4138.9 4153.0 4200.0 4206.1 4352.4 4451.0 4488.1 4540.0 4723.0 4883.0 4925.0 5073.0 5129.0 5174.0 5192.0 5203.0 5212.0 5230.0 5639.0 6469.0 7174.0
377.749 546.438 731.64 825.2 869.9 884.2 886.9 1232.3 1253.6 1279.0 1417.688 1646.9 1683.8 1956.0 2044.1 2130.0 2252.6 2285.98 2337.2 2473.6 2631.2 2907.7 2926.0 3837.2 4164.2
377.86 1289.71 1441.15 1620.1 2273.78 2406.9 2448.0 2562.94 2572.97 2671.03 2686.07 2692.72 2697.71 2706.76 2760.9 2875.8 2912.75 2946.9 2967.3 2978.0 3007.02 3097.16 3101.9 3127.42 3181.94 3199.72 3248.9 3381.0 3426.0 3439.0 3466.4 3479.9 3532.2 3595.1 3666.1 3704.8 3709.7 3897.9 3955.0 3960.0 3999.0 4062.1 4066.1 4069.1 4082.9 4149.0 4168.7 4237.9 4266.2 4300.0 4310.0 4348.0 4361.9 4384.0 4427.6 4522.0 4552.0 4560.0 4572.5 4635.0 4719.1 4763.7 4780.2 4793.0 4856.0 4988.0 5094.5 5316.2 5370.7 5434.2 5490.7 5578.6 5614.4 5998.0 6084.1 6533.4 7004.2 7460.9 7494.35 7528.11 7546.8 7921.3 7928.2 7965.2 7977.2 8007.2 8026.3 8028.77 8053.0 8057.2 8083.1 8088.0 8135.0 8138.3 8157.8 8178.1 8247.2 8252.6 8263.9 8267.3 8293.5 8303.2 8326.3 8329.2 8335.3 8399.4 8403.1 8421.1 8425.6 8453.4 8483.26 8494.3 8501.2 8506.1 8514.1 8516.2 8544.3 8559.2 8564.4 8608.1 8612.1 8653.3 8673.3 8691.3 8712.7 8731.3 8744.5 8784.4 8808.1 8816.5 8837.6 8845.3 8859.3 8864.3 8880.1 8901.5 8919.2 8921.4 8923.5 8924.4 8936.5 8945.5 8952.8 8972.4 8977.3 8981.2 8993.0 8996.0 9002.8 9027.3 9070.5 9096.0 9114.7 9120.6 9139.2 9152.9 9168.6 9179.4 9193.2 9197.1 9200.0 9204.0 9207.9 9218.7 9224.6 9229.5 9241.2 9245.2 9250.1 9277.5 9282.4 9296.2 9307.0 9313.8 9343.3 9346.2 9360.9 9415.9 9654.3 10552.2 10570.0 10582.7 10597.0 10607.1 10626.7 10638.0 10646.0 10651.2 10657.0 10663.0 10669.0 10673.1 10686.2 10691.6 10697.4 10721.1 10721.7 10736.4 10747.4 11070.0 11159.0
54.87 156.3 368.29 407.55 838.91 1009.62 1073.3 1136.74 1374.99 1375.58 1391.0 1454.4 1460.8 1508.4 1544.0 1634.2 1651.1 1783.4 1784.5 1853.0 1922.3 1925.3 2109.8 2113.0 2133.87 2136.13 2267.59 2291.57 2354.53 2498.2 2556.6 2558.6 2672.9 2711.6 2714.6 2773.8 2856.3 2877.3 2903.1 3011.9 3116.1 3191.2 3213.2 3221.2 3237.2 3243.9 3307.1 3334.1 3358.8 3384.2 3535.7 3546.7 3585.4 3606.4 3673.1 3755.1 3811.7 3857.1 3936.8 3938.9 3969.1 4056.0 4085.5 4158.2 4176.1 4209.7 4262.4 4378.1
125.949 984.26 1289.1 1292.12 1293.0 1528.36 1884.08 2015.2 2198.43 2215.0 2252.45 2266.89 2311.45 2365.8 2398.41 2426.53 2563.15 2621.7 2694.6 2727.31 2752.69 2822.1 2823.65 2828.44 2873.28 2925.0 2953.45 2976.15 2991.77 3005.9 3035.92 3037.5 3039.9 3046.0 3050.83 3054.68 3070.0 3080.33 3126.14 3158.43 3195.3 3260.8 3263.2 3268.0 3341.96 3351.0 3373.2 3383.0 3424.1 3431.8 3528.2 3532.0 3610.8 3661.4 3703.47 3753.5 3771.81 3813.05 3831.5 3844.9 3882.94 3917.3 3946.0 3983.2 4003.0 4051.6 4091.0 4113.0 4205.47 4217.1 4234.1 4383.5 4415.64 4429.1 4493.0 4544.1 4600.0 4648.1 4746.3 4925.1 4928.8 5028.1 5120.3 5186.3 5233.3 5254.3 5304.2 5365.3 5418.1 5423.5 5463.3 5520.3 7035.0 7493.2 7553.6 9126.01 9146.8 9176.8 9181.0 9248.7 9263.2 9272.7 9292.7 9308.2 9326.4 9390.3 9404.8 9412.7 9427.5 9512.2 9531.55 9591.2 9607.3 9616.2 9677.44 9703.2 9717.8 9737.1 9743.7 9747.3 9750.1 9757.3 9767.9 9783.5 9809.0 9822.1 9822.7 9861.3 9869.0 9873.2 9888.0 9893.3 9905.94 9934.2 9942.06 9944.4 9956.1 9966.7 9971.8 9973.0 9985.04 9986.9 9995.2 9999.1 10007.4 10010.0 10016.2 10020.5 10025.1 10041.2 10056.6 10066.4 10071.7 10094.1 10109.5 10117.1 10192.7 10271.1 10304.8 10326.3 10559.0
26.6045 110.5041 212.026 215.1282 335.529 340.989 454.337 486.31 716.178 753.46 840.42 1192.26 1236.66 1484.54 1613.6 2016.54 2071.34 2089.85 2159.14 2203.25 2254.85 2273.27 2321.19 2396.46 2441.76 2545.8 2579.9 2650.2 2704.37 2872.48 3003.25 3047.59 3105.8 3159.7 3165.91 3218.2 3263.85 3293.71 3395.8 3485.48 3524.82 3696.83 3747.96 3901.8 3927.25 3961.9 3998.36 4001.3 4132.1 4174.1 4195.2 4300.7 4378.8 4417.1 4470.0 4739.6 4769.0 4798.3 4816.9 4820.7 4841.22 5129.75 5298.6 5313.9 5321.7 5485.8 5564.2 5604.3 5652.2 5664.4 5712.1 5714.81 5734.2 5795.1 5956.8 6318.1 7407.8
83.19 850.07 1055.83 1072.9 1227.5 1375.0 1492.67 1534.83 1618.0 1725.4 1835.4 2146.7 2185.8 2340.6 2493.2 2702.1 2758.4 3287.3 3959.0 4073.0 4710.3
71.78 361.2 448.23 535.2 728.06 754.9 881.5 1881.6 2463.03 3143.06 3722.07
1238.6 1350.7
271.8
