50 62
765.0 1852.0 3160.0 4787.1 6368.1 6995.1

849.44 2384.73 2759.8 3586.5 4145.6 4326.4 4397.0 4850.8 5139.6 5655.4
741.11 774.42 1328.01 1423.5 1696.32 2042.6 2339.24 2479.0 2829.0 2844.8 2966.9 3040.4 3175.9 3462.7 4812.8
1408.2 2538.2 2561.3 2949.3 2959.0 3166.0 3294.9 3344.8 3437.4 3793.9 3833.2 3841.0 4031.7 4047.7 4071.6 4099.8 4103.5 4267.8 4290.8 4578.5 4655.8 4696.0 4700.1 4781.9 4948.7 5046.3 5080.0 5145.0 5248.0 5280.8 5392.0 5432.6 5453.0 5461.3 5482.5 5506.0 5539.0 5621.0 5809.0 5828.0 5919.4 5928.0 5955.0 6038.0 6128.6 6297.9 6380.9 6526.9 6551.4 6724.3 6865.0 7076.0 7352.2 7504.3 7566.9 8019.5 8320.0 8374.9 8578.5 8808.7 9124.2 9845.9 9996.1 10131.6 10542.7 11094.0 11114.2 12043.6 12314.7 12954.0 13358.6 14389.0 15062.6
411.42 931.29 1316.54 1408.45 1918.3 2051.7 2144.0 2211.87 2255.5 2301.06 2470.2 2490.0 2539.11 2577.7 2813.8 2872.3 2938.9 2982.1 2984.4 3028.5 3072.0 3076.0 3108.7 3285.0 3419.0 3456.9 3552.3 3660.8 3790.3 3800.6 3901.3 3906.7 4495.1 4708.3 4866.6 5099.6 5118.0 5476.8 6528.6 7606.2 7918.9 8987.7 9305.3 10242.7
846.776 2085.076 2657.562 2941.5 2959.923 3076.2 3120.11 3122.927 3369.84 3388.55 3445.306 3448.41 3600.21 3605.69 3610.21 3744.13 3755.57 3829.77 3856.449 4048.826 4085.93 4100.307 4119.87 4298.039 4300.9 4394.83 4401.4 4447.6 4458.532 4509.64 4539.5 4554.08 4612.3 4658.26 4684.7 4700.63 4728.14 4730.0 4739.6 4784.12 4847.0 4866.52 4878.0 4887.1 5023.49 5122.11 5148.1 5186.3 5194.8 5227.3 5231.2 5255.7 5257.0 5306.6 5402.3 5511.6 5538.07 5590.06 5626.84 5795.2 5853.0 5869.6 5936.17 5986.86 6078.0 6092.2 6102.21 6115.7 6219.0 6250.9 6447.96 6625.1 6698.0 6926.5 6981.68 7084.6 7135.0 7167.27 7211.5 7220.0 7248.5 7422.67 7446.5 7468.5 7886.54 8128.6 8219.0 8239.7 8247.76 8309.59 8447.87 8758.47 8767.0 8879.0 8909.9 8962.0 8989.0 9107.0 9140.3 9154.0 9287.0 9311.0 9322.0 9402.0 9557.62 9666.0 9737.0 9768.0 9895.0 9948.0 9969.0 10060.0 10497.0 11133.0
14.4129 136.4743 366.759 706.416 1007.13 1197.81 1265.52 1356.83 1627.256 1725.38 1976.63 1989.66 2113.11 2118.6 2206.88 2217.66 2220.2 2330.41 2355.96 2455.55 2505.29 2564.22 2574.5 2593.6 2599.4 2697.17 2758.3 2821.07 2835.89 2878.7 2904.28 2921.2 2970.89 2987.95 3059.1 3098.95 3122.76 3134.8 3182.77 3205.6 3239.89 3269.26 3301.77 3322.48 3336.59 3340.33 3371.11 3427.68 3513.8 3535.92 3561.34 3608.51 3791.59 3862.42 3936.1 3981.18 4042.6 4136.62 4138.57 4144.3 4209.59 4378.68 4379.44 4432.4 4459.7 4525.54 4572.8 4597.4 4691.75 4823.9 4922.9 5140.25 5178.44 5221.6 5362.1 6187.1 7646.7 8323.0
810.784 1674.752 2076.54 2133.914 2257.96 2600.42 2782.14 2864.72 2876.46 3083.71 3233.28 3244.11 3449.8 3537.99 3596.9 3629.6 3754.3 3789.51 3860.8 3880.1 3886.39 3901.64 4006.0 4015.0 4088.51 4139.38 4214.66 4297.8 4312.94 4322.6 4444.3 4493.1 4530.17 4550.99 4590.0 4669.4 4833.9 5000.25 5220.9 5294.9 5343.28 5415.0 5502.9 5523.2 5832.05 6282.4 7241.6 7729.8 10044.6 10070.5
287.018 472.74 570.87 613.05 642.8 726.43 1023.15 1077.81 1162.1 1211.33 1517.24 1569.9 1749.78 1918.92 1961.97 2161.9 2277.9 2312.25 2322.4 2348.2 2447.27 2493.8 2569.9 2756.9 2810.28 3070.6 3104.4 3159.66 3239.6 3384.58 3559.7 3737.8 4985.2
823.63 1973.8 2114.5 2299.4 2673.0 2756.0 2792.4 3039.0 3072.4 3308.0 3516.1 3648.0 3714.0 3875.0 3929.0 3954.4 4293.0 4359.1 5002.9
206.76 390.99 628.66 861.0
876.8 1818.8 2016.0 2175.9 3011.0 3017.0 3312.0 3390.0 3606.0 3631.0 3633.6 4255.0 5323.0
