54 64
936.88 1445.69 1614.09 1821.51 1887.0 2082.7 2149.6 2173.65 2277.5 2289.32 2652.01 2657.3 2851.3 2911.8 2913.9 2919.2 3094.7 3109.2 3142.6 3155.6 3166.5 3171.4 3265.3 3306.8 3325.8 3346.0 3399.3 3504.0 4078.3 4728.5 5046.0 7243.0
2165.88 2565.85 2659.47 2918.57 2922.23 2939.09 2960.0 2973.48 2976.34 3303.1 3323.22 3335.0 3552.9 3562.98 3643.0 3725.01 3736.56 3774.63 3859.28 3870.9 3933.0 3942.08 4164.23 4177.33 4264.1 4474.0 4513.8 4548.27 4587.5 4628.22 4686.3 4712.6 4721.43 4748.13 4872.5 4920.8 4961.1 4988.21 5099.26 5122.11 5172.55 5242.0 5258.98 5293.0 5351.0 5431.7 5460.75 5560.0 5716.6 6068.8 6149.89 6205.29 6268.21 6328.29 6332.7 6369.35 6464.8 6513.45 6596.6 6641.5 6689.1 6701.25 6713.25 6755.4 6780.16 6834.28 6835.7 6876.33 6917.35 6944.19 6951.14 7008.19 7025.34 7038.23 7101.54 7153.2 7193.15 7233.48 7239.26 7269.16 7284.4 7293.35 7319.56 7325.37 7332.27 7529.0 7564.41 7578.37 7595.28 7611.38 7627.7 7633.65 7642.55 7650.84 7662.96 7680.3 7703.97 7747.1 7806.1 7815.85 7833.2 7855.4 7867.6 7876.86 7881.0 7885.1 7921.2 7938.83 7965.1 7966.8 7976.85 8020.6 8056.7 8067.0 8071.5 8090.1 8105.93 8130.6 8134.1 8144.9 8158.7 8190.9 8240.4 8273.4 8283.9 8291.0 8294.8 8348.8 8360.0 8374.0 8384.1 8390.8 8400.7 8412.0 8417.9 8431.2 8435.7 8440.0 8456.7 8463.9 8465.6 8467.3 8468.7 8476.5 8478.7 8505.3 8557.0 8559.3 8583.6 8644.2 8652.4 8679.6 8682.7 8686.9 8689.5 8692.0 8703.2 8706.4 8745.1 8749.4 8753.4 8798.0 8803.0 8855.2 9698.5 9782.1 10112.8 10545.4 10579.8 10760.0 11469.9 11908.0 11962.6 12118.5 12363.0 12613.0 12835.0 13163.0 13339.1 13516.4 13685.0 13818.0 14125.0 14672.3 14730.0 14881.0
158.38 576.5 829.61 970.23 1009.13 1114.51 1450.68 1720.18 1930.36 2060.0 2224.87 2282.63 2290.1 2306.13 2357.4 2371.83 2469.6 2609.5 2635.64 2647.2 2665.1 2729.89 3075.91 3526.6 3598.64 3638.11 4180.16 4372.0 4429.0 5274.57 5338.0 5472.3
1223.98 1377.663 1504.826 1689.6 1757.606 1897.4 1919.5 2133.06 2311.4 2486.1 2524.1 2559.8 2611.2 2723.0 2730.98 2743.5 2804.293 2879.2 2980.9 3108.16 3121.4 3164.9 3177.39 3184.2 3246.3 3262.7 3356.7 3460.6 3468.6 3522.1 3540.4 3553.9 3671.6 3701.1 3719.7 3854.2 3901.1 3918.1 3990.9 3999.5 4036.0 4036.7 4195.2 4237.7 4297.1 4377.4 4586.3 4597.3 4674.6 4699.7 4800.5 4814.5 4845.3 5434.6 5571.5 5707.3 5756.6 5845.9 5919.0 6442.1 6518.8 6859.3 6976.5 7512.2 7527.5 7782.4 7992.7 8087.1 8409.6 8632.9 8874.3 9280.0 9317.5 10077.1 10294.4 11070.1 11291.5
24.95 53.15 111.76 365.66 373.93 457.5 885.63 1040.12 1044.26 1050.19 1075.5 1184.63 1236.55 1351.51 1353.47 1376.88 1418.12 1424.6 1434.9 1513.32 1522.57 1524.4 1548.81 1554.74 1605.62 1669.9 1729.24 1740.5 1749.35 1757.2 1865.8 1867.7 1929.03 1978.8 2248.8 2335.3 2534.4 2640.7 3284.0 3639.0 5738.0 5756.0
1099.262 1190.45 1291.612 1434.264 1459.52 1481.73 1744.69 2061.76 2087.2 2153.62 2183.5 2204.78 2394.8 2478.7 2540.4 2581.71 2585.8 2713.1 2722.4 2770.2 2781.7 2816.8 2824.2 2826.2 2829.1 2912.0 2914.6 2957.9 2963.1 2965.9 2973.0 3014.9 3016.8 3062.7 3081.62 3090.4 3120.9 3122.06 3140.5 3141.03 3160.4 3163.7 3193.8 3219.5 3223.8 3240.97 3276.0 3319.99 3323.4 3325.4 3329.8 3382.0 3414.5 3426.1 3491.6 3497.4 3565.0 3622.8 3626.0 3652.8 3667.2 3842.7 3944.2 3950.1 4009.4 4086.3 4176.7 4307.4 4406.8 4412.1 4412.7 4466.7 4506.8 4714.8 4798.5 4909.0 5256.0 5368.0 6362.2 6878.7 7457.2 9541.14 9549.7 9553.13
58.59 277.2 288.4 435.71 506.2 542.82 614.55 738.8 785.71 1003.91 1005.8 1131.98 1150.7 1207.83 1216.45 1216.85 1341.86 1379.74 1380.97 1451.21 1508.3 1515.8 1565.94 1639.84 1686.21 1709.68 1749.29 1787.62 1800.22 1808.63 1830.8 1833.23 1852.71 1877.15 1888.9 1924.29 1981.2 1983.52 2032.71 2045.42 2080.77 2121.82 2132.23 2133.44 2151.9 2183.1 2221.56 2230.44 2274.67 2279.94 2310.15 2324.3 2341.82 2351.87 2423.28 2430.97 2450.87 2469.72 2488.71 2529.0 2560.0 2569.96 2585.73 2598.07 2607.58 2622.07 2655.71 2685.35 2709.97 2760.9 2768.13 2771.35 2785.77 2801.6 2823.2 2825.6 2845.03 2867.57 2884.92 2901.81 2920.4 2936.48 2944.2 2963.09 2996.9 3010.1 3022.28 3047.5 3064.8 3077.06 3084.6 3096.35 3114.1 3121.4 3132.2 3141.47 3155.49 3162.7 3186.6 3191.0 3203.22 3216.24 3279.46 3283.81 3336.48 3343.26 3415.51 3460.4 3465.53 3514.79 3562.09 3588.98 3594.92 3646.6 3650.4 3690.5 3696.9 3742.44 3797.98 3827.6 3841.2 3871.1 3914.8 3928.0 4012.16 4100.97 4112.5 4194.0 4212.8 4253.9 4270.02 4277.0 4292.05 4297.8 4514.0 4540.7 4600.97 4752.33 4800.1 4811.3 4827.5 4874.2 5160.8 5575.6 6417.0 8122.4
1027.48 1205.09 1285.68 1325.4 1618.87 1645.87 1664.6 1889.2 1953.19 2011.49 2230.9 2302.99 2339.1 2374.7 2431.4 2484.5 2754.5 2864.38 2920.1 3000.29 3104.4 3127.1 3191.1 3204.7 3239.2 3365.0 3472.0 3658.3 4095.7 4804.2
506.1 609.71 1216.3 1543.22 2309.7
994.92 1383.5 1427.14 1494.73 1576.9 1672.0 1888.6 2077.3 2128.2 2190.6 2330.0 2374.8 2539.0 2688.8 2793.9 3007.0 3033.0 3036.9 3133.3 3179.8 3203.0 3223.0 3412.1 3422.0 3581.0 3601.8 3610.0 4167.0
310.8
