55 69
2882.0 3583.0 3617.0 4483.0
2700.6 3923.6 3956.6 5003.7 5315.7 5352.5 5483.7 5668.0 6319.7 6405.8 6554.6 6654.8 7442.8 7903.7 7955.7 9418.7
768.5 1112.6 2443.3 2577.4 3007.1 3230.1 3363.8 3701.7 3713.6 3840.0 3865.6 4027.1 4234.0 4503.0 4576.0 4711.2 4941.1 5238.8 5320.6 5515.0 5561.0 5663.3 5980.0 6421.0 7454.5 8345.7
1454.0 2459.1 2775.2 2901.8 2942.4 3037.6 3263.4 3420.3 3530.9 3593.4 3620.0 3774.4 3898.3 3932.1 4107.7 4294.0 4348.0 4361.0 4383.6 4404.8 4450.0 4475.3 4518.0 4538.3 4752.0 4920.0 4963.8 5064.0 5128.2 5386.0 5436.0 5472.0 5503.0 5592.0 5664.0 5706.0 5748.0 5766.0 5803.0 5824.0 5896.0 5942.0 6018.0 6024.0 6068.3 6084.9 6174.0 6220.6 6228.0 6274.0 6360.0 6402.0 6468.0 6478.0 6507.0 6571.0 6601.0 6605.0 6665.0 6717.0 6763.0 6805.0 6854.0 6992.0 7051.0 7054.0 7113.0 7131.0 7210.0 7231.9 7270.0 7300.0 7380.0 7446.3 7514.0 7570.0 7680.0 7710.0 7810.0 7862.0 8110.0 8121.6 8240.0 8682.0 9062.0 9193.0 9344.0 9368.0 9557.0 9670.0 9843.0 10179.0 10191.0 10589.0 11295.0 11472.0 12829.0 13013.0 13045.0 13608.0 14850.0 15264.0 15293.0 15320.0 16795.0 17288.0 18459.0 19566.0 20448.0 22137.0 22798.0 25143.0 25548.0 28705.0
339.421 464.976 877.947 1188.792 1301.409 1337.89 1679.704 1734.722 1739.24 1746.1 1767.45 1947.93 2414.97 2530.4 2535.5 2553.4 2627.07 2681.4 2705.02 2713.0 2893.623 3025.83 3037.5 3054.33 3125.43 3181.634 3296.7 3308.1 3320.0 3339.4 3353.5 3376.89 3377.4 3380.5 3452.46 3528.0 3538.54 3540.08 3546.0 3559.42 3563.12 3686.206 3730.43 3853.72 3858.29 3889.67 4021.92 4103.03 4140.34 4141.06 4253.03 4352.42 4418.78 4455.1 4615.75 4715.38 4947.19 4968.92 5068.97 5098.15 5251.33 5292.98 5381.28 5384.72 5617.3 5632.12 5702.17 5754.78 5957.23 5989.02 5994.1 6030.54 6076.1 6101.46 6141.52 6502.46 6598.37 7164.0 7270.41 7950.5
1332.518 2158.64 2284.87 2505.766 2626.08 3119.7 3124.02 3186.02 3194.02 3269.38 3318.7 3381.0 3393.5 3588.1 3619.55 3670.71 3700.0 3730.67 3736.1 3875.0 3887.8 3895.0 3925.8 4007.9 4020.45 4035.0 4039.67 4078.54 4116.0 4165.41 4191.0 4265.13 4294.5 4300.0 4319.0 4334.7 4341.0 4355.7 4399.4 4407.45 4450.0 4493.44 4535.7 4548.8 4579.1 4760.5 4768.0 4781.0 4800.0 4844.2 4849.0 4859.0 4958.0 4970.0 4985.72 5015.1 5048.3 5090.0 5106.0 5120.0 5133.0 5148.7 5174.0 5205.0 5244.0 5317.8 5348.9 5379.1 5410.0 5448.7 5529.9 5662.9 5780.5 5785.1 5799.3 5824.0 6460.9 6810.4 6836.7 7431.5 8043.9 8520.5 9132.1 9989.4
67.413 282.9566 656.013 908.618 1015.13 1099.625 1132.329 1185.251 1454.8 1609.661 1729.481 1807.7 1987.99 1997.6 2018.1 2121.6 2123.978 2129.19 2409.7 2639.71 2765.1 2863.48 3062.28 3145.022 3231.75 3259.5 3298.9 3415.2 3426.5 3435.55 3525.63 3644.6 3665.6 3668.99 3711.43 3738.42 3776.59 3869.91 4019.52 4178.64 4239.7 4713.11 4818.9 4886.09 4963.17 5036.1 5112.31 5316.5 7820.0
1172.91 2048.6 2301.8 2336.35 2891.2 3058.51 3157.98 3176.5 3257.68 3269.92 3277.46 3370.26 3378.0 3462.0 3486.0 3518.5 3522.87 3757.0 3849.34 3860.0 3967.0 3972.9 4018.71 4055.08 4062.5 4144.0 4151.2 4154.1 4160.07 4179.0 4201.4 4317.0 4416.2 4424.0 4627.3 4648.7 4719.6 4863.1 4999.6 5751.0 5805.9 6646.8 7559.2 7645.7
87.15 155.55 517.55 1001.1 1068.99 1251.1 1291.83 1324.04 1451.7 2183.5 2261.7 2353.1 2696.6 2814.5 3237.0 3283.0 3632.6 3739.7 4055.8 4331.0 4461.0
1345.75 2276.56 2610.1 2867.3 2972.08 3025.83 3166.1 3275.98 3395.7 3463.61 3560.4 3647.98 3749.0 3749.4 3848.9 4085.2 4172.3 4531.7 4573.14 4615.6 4640.67 4704.08 4868.52 4962.0 5155.51 5418.21 5768.66 5812.1
63.37 310.08 693.23 1017.01 1141.7 1274.1 1417.6 1920.4 2146.8 2185.74 2519.34 2711.5 2906.36 3522.8 3962.2 4011.1
1424.8 2445.0 2670.8 2916.0 3185.44 3370.9 3541.34 3599.3 3725.2 4070.4 4089.4 5174.9 6579.8
694.1 1007.0 2155.0
1770.0 2033.0 2847.0 3147.0
915.0 1959.0 2241.0 2552.0 2701.0
