60 77
1003.9 2193.0 2558.8 3034.7 3510.1 3626.8 3808.4 3811.8 3972.3 4199.9 4350.8 4775.8 4852.2 4913.1 5291.9 5337.1 5503.3 6639.1 7372.4 8475.5 8636.1 8702.1 9620.2 10756.2 12131.8 13697.8 15437.1 17322.6 19352.4 21596.7 24131.7 27007.0 30257.0 33899.0 1575.6 3046.0 4967.0 7300.0 2005.0 3697.0 5832.7 8414.4
88.4 123.8 418.1 756.02 937.7 996.0 1264.8 1362.3 1402.2 1657.3 2000.9 2098.8 2269.6 2399.8 2796.8 3245.5 3337.0 4262.0 4415.0 4646.1 5551.0 6090.0 7292.0 7488.7 7628.0 9163.0 11368.0 12800.0 14426.0 16272.0 18354.0 20661.0 23206.0 26024.0 29151.0 32617.0
954.0 1804.7 2186.1 2384.5 2743.5 3209.2 3586.2 3707.5 4042.6 4347.8 4535.0 4904.1 5122.8 5130.4 5142.9 5482.7 6081.0 6112.8 6628.8 7422.6 7423.0 7500.0 7630.0 7701.8 7976.0 8438.0 9049.0 9215.0 9466.0 10247.0 10317.0 10375.0 10636.0 11183.0 11655.0 11756.0 11962.0 12333.0 12537.0 12815.0 12997.0 13237.0 13731.0 14125.0 14447.0 14546.0 15049.0 15420.0 15707.0 16373.0 16379.0 17485.0 17590.0 18509.0 19507.0 19684.0 21046.0 23190.0 4208.1 6647.6 9337.4 12276.6 15512.0
192.92 247.84 627.11 637.07 650.1 1023.22 1063.35 1065.28 1206.37 1284.26 1395.44 1436.26 1664.86 1691.22 1702.93 1860.85 1909.26 1978.4 2050.46 2158.1 2233.31 2249.2 2261.53 2288.31 2291.46 2293.0 2319.0 2377.84 2403.28 2521.15 2584.2 2600.1 2609.1 2634.53 2690.9 2750.7 2826.2 2911.9 2933.5 3481.0 3528.0 3763.5 3770.4 3891.6 4355.3 4902.9 5077.0 5346.1 5406.6 5424.2 5916.4 6234.5 6488.0 6570.7 7611.5 7927.7 9097.6 9774.7
991.55 1799.35 1910.31 2306.71 2609.43 2736.53 2793.8 2979.79 2998.38 3005.69 3071.2 3077.77 3094.58 3186.78 3196.8 3205.91 3261.99 3297.18 3306.85 3321.8 3365.95 3369.82 3425.15 3452.3 3458.52 3538.7 3547.0 3552.3 3587.0 3597.2 3602.0 3606.5 3620.7 3628.4 3698.8 3701.4 3710.4 3718.4 3795.25 3815.4 3819.6 3850.7 3853.3 3863.7 3898.5 3925.0 3932.2 3952.0 3993.39 4020.4 4039.7 4077.44 4140.0 4157.0 4159.0 4181.7 4205.2 4236.76 4288.5 4319.0 4454.2 4556.0 4608.4 4634.92 4664.0 4669.67 4712.4 4824.3 4981.2 5067.0 5111.9 5152.0 5232.2 5389.1 5624.5 5624.9 5681.5 5681.7 5699.8 5799.9 5890.7 5935.9 6031.2 6124.1 6125.1 6262.1 6766.1 6940.5 6962.6 6995.1 7118.2 7263.3 7334.8 7446.2 7579.4 7805.8 7902.1 7946.0 8157.0 8425.3 8579.6 8995.3 9895.9 10099.3 10982.1 11528.4 12238.2 12405.6 12679.1 13538.4 13830.2 13840.6 1075.1 1677.2 2385.7 3132.0 3997.4 4911.7 5994.2 7135.2 8532.6 9821.4 11994.3
53.928 115.127 206.94 768.7 864.21 866.92 909.65 1047.39 1062.1 1065.51 1252.66 1263.42 1343.85 1369.08 1469.73 1577.05 1588.08 1779.6 1793.5 1907.5 1941.1 1957.3 2053.8 2081.54 2135.2 2137.7 2202.0 2302.1 2419.18 2458.0 2549.4 2923.1 2931.8 3150.0 3227.3 3335.8 3409.0 3472.6 3712.0 3784.9 4079.2 4624.7 4887.7 4937.9 5066.9 5413.6 5772.9 6847.0 8003.0 2832.0 4500.0 6387.0 8508.0 10870.0 13533.0 16538.0 19887.0 2478.0 3396.0 4338.0 5357.0 6402.0 7610.0 8841.0 10307.0 11658.0 13295.0 1454.0 2304.0 3250.0 4238.0 5353.0 6553.0 7906.0 9379.0 11029.0
1039.237 1872.781 2372.373 2451.01 2703.6 2762.8 2765.56 2780.182 2826.73 2938.101 3077.73 3105.064 3212.61 3228.909 3331.469 3380.975 3427.435 3432.438 3507.28 3523.6 3531.726 3576.404 3670.73 3689.01 3709.4 3725.3 3731.6 3738.239 3747.03 3753.05 3791.154 3824.9 3882.457 3898.3 3924.71 4019.2 4075.7 4086.012 4119.0 4182.7 4251.9 4295.375 4321.83 4393.7 4424.0 4433.0 4461.409 4497.6 4609.0 4622.0 4635.3 4638.28 4675.6 4683.0 4806.246 4814.1 4849.97 4866.1 4958.3 5005.8 5111.9 5207.3 5464.4 6292.6 6419.0 7367.4 7517.3 7693.3
93.312 184.579 393.531 604.49 814.77 870.91 887.701 979.84 1142.81 1363.59 1446.07 1517.14 1543.5 1603.68 1640.19 1656.71 1677.53 1686.81 1732.66 1780.24 1783.16 1800.5 1807.9 1842.81 1875.42 2027.19 2065.36 2083.12 2092.61 2101.81 2136.73 2158.5 2175.29 2242.81 2272.9 2408.9 2428.1 2434.93 2451.82 2503.58 2511.4 2554.5 2599.6 2732.2 2926.5 2928.33 2937.3 3029.8 3065.7 3195.6 3473.4 3487.5 3490.0 3490.8 3696.7 3929.2 4220.0 4630.1 4684.1
1077.35 1655.87 1883.19 2338.44 2370.3 2417.44 2510.2 2750.38 2821.8 2955.9 2960.14 3009.2 3081.2 3102.45 3153.6 3160.1 3164.0 3184.15 3186.6 3281.44 3287.09 3346.09 3385.0 3400.9 3425.04 3429.42 3458.74 3487.3 3496.07 3586.03 3610.7 3624.33 3630.14 3664.7 3687.5 3709.7 3717.5 3725.63 3732.4 3776.18 3814.84 3849.32 3896.01 3910.99 3934.92 3942.8 3971.0 3989.0 4027.6 4061.6 4102.0 4139.2 4215.4 4229.0 4234.0 4283.7 4325.0 4339.1 4396.9 4408.7 4414.0 4437.0 4444.0 4466.2 4496.0 4503.2 4512.3 4520.5 4535.6 4578.0 4587.0 4608.0 4642.0 4670.0 4680.0 4724.0 4732.8 4743.0 4792.0 4851.0 4857.9 4873.0 4910.6 4951.5 4963.0 4982.0 4992.0 5147.0 5187.8 5283.4 5297.7 5307.5 5400.4 5403.2 5415.3 5564.8 5693.8 7362.3 3223.0 5141.0 7262.0 9593.0 12148.0 14943.0 18016.0
438.636 531.3 834.46 872.0 1007.66 1180.73 1251.67 1429.55 1458.3 1595.0 1633.2 1828.01 1893.4 1983.3 2032.8 2054.3 2343.8 2377.1
884.8 1068.3 1759.1 1786.5 1957.7 2140.4 2538.0 2693.6 2859.2 2949.6 3038.4 3222.3 3710.6 4146.3
157.7 286.3 489.8 674.7 1261.3 1791.3 1856.5 2179.5 2377.0
652.5 1499.1 1657.4 2191.8 2645.9 2909.3 3049.8 3661.9 3707.6
195.5
605.82 1164.13 1418.49 1670.18 2099.23 2551.82 2616.38 2808.97 2904.53 2969.14

598.68 1030.51 1296.46 1715.96 1760.88 2633.54 2813.94 2974.43
772.39
