62 80
571.0 818.0 1194.0 1439.0 2372.0 2435.0 4792.0 5738.0 6846.0
75.4 624.6 1152.5 2046.6 2940.7 4080.2 4729.2 4958.2 5715.6 6502.0 7710.8 9034.8
42.85 128.05 170.95 322.99 427.03 534.53 538.0 550.29 605.12 666.94 707.48 712.15 765.23 817.4 828.92 1020.79 1279.79 1357.1 1478.71 1685.09 1798.5 1842.8 1949.51 2033.2 2052.9 2104.3 2353.6 2396.3 3089.51 3102.71 3163.9 3573.9 4473.0 5629.1
61.97 190.8 649.68 809.26 814.89 1075.76 1287.3 1298.6 1326.2 1352.9 1370.9 1377.4 1521.4 1661.97 1879.41 1902.0 1966.7 1983.1 2037.7 2046.3 2161.7 2206.6 2323.8 2426.6 2447.0 2502.9 2704.1 2788.3 2811.0 2813.4 2929.4 3064.8 3071.9 3076.7 3085.1 3094.5 3197.0 3279.3 3732.4 4122.7 4132.7 4330.9 4433.2 4546.9 4850.7 4919.5 5022.7 5466.9 5642.9 5852.4 5927.0 5934.6 6148.7 6536.0 6814.9 6824.0 6835.0 6839.0 7039.1 7141.0 7145.0 7365.3 7942.7 8612.1
43.812 66.139 108.893 162.472 234.043 290.908 335.404 381.859 415.34 423.77 459.878 516.2 536.618 552.9 620.98 639.58 664.202 705.995 721.89 783.96 790.08 838.93 845.03 863.55 866.09 943.86 974.48 998.62 1001.39 1018.31 1062.12 1065.15 1076.6 1081.2 1141.99 1164.22 1210.2 1350.63 1456.08 1464.33 1513.37 1556.65 1573.7 1617.66 1769.36 1774.9 2408.43 2512.44 2652.99 3043.45 3362.3 3420.1 4110.4 4162.1 4192.7 4271.7 4302.7 5109.2
166.98 359.123 828.082 910.928 1081.62 1202.274 1412.713 1519.17 1554.61 1639.41 1809.09 1975.2 1978.0 2040.9 2073.755 2124.46 2141.85 2145.37 2172.13 2176.08 2176.32 2190.65 2262.7 2263.78 2281.94 2374.2 2407.0 2457.3 2526.7 2596.7 2619.5 2651.4 2730.6 2797.9 2862.45 3031.77 3160.66 3191.1 3225.0 3401.5 3525.3 3577.95 3628.6 3632.1 3654.6 3727.8 3855.99 4198.58 4221.4 4290.49 4744.8 5225.7 5491.64 6380.19 6589.5 7618.2 8552.0 8567.0
175.019 320.979 374.579 375.582 496.095 514.301 555.475 564.528 583.79 676.047 806.161 825.342 838.721 841.21 876.751 946.871 952.43 1055.95 1064.117 1101.205 1103.52 1117.151 1123.185 1210.55 1216.19 1223.46 1225.18 1228.81 1229.87 1231.7 1239.85 1247.56 1267.21 1287.0 1296.4 1323.24 1350.49 1442.48 1489.17 1493.82 1523.21 1539.44 1548.25 1570.49 1656.61 1687.74 1742.38 1798.22 1857.29 1946.0 1973.19 2088.06 2102.98 2284.68 2396.78 2611.85 2896.09 2952.9 3817.6 3964.99
318.69 574.21 872.13 1028.58 1107.03 1336.69 1488.14 1525.76 1723.7 1764.77 1891.63 1924.23 1972.39 1973.1 2007.65 2023.84 2045.22 2219.27 2250.98 2319.54 2353.29 2423.32 2428.68 2458.83 2485.7 2529.8 2572.54 2660.3 2668.29 2718.01 2795.0 3118.39 3242.43 3389.35 3542.78 3633.97 3722.31 3786.08 4078.19 4528.09 6874.1 7306.9 9808.6 10242.8 10246.8 10251.8
508.2 651.1 690.9 879.1 901.4 995.5 1002.6 1009.2 1009.4 1014.9 1023.9 1034.2 1086.3 1101.5 1135.4 1140.4 1180.6 1203.8 1234.5 1244.6 1253.5 1258.7 1262.8 1306.3 1307.0 1312.1 1336.6 1359.4 1371.7 1413.2 1446.0 1456.5 1501.2 1518.3 1523.6 1533.5 1539.0 1554.3 1621.2 1633.6 1687.8 1725.4 1794.2 1807.4 1824.1 1866.0 1906.7 1930.3 2116.3 2142.8 2164.4 2189.8 2213.8 2232.3 2319.6 2351.2 2409.8 2464.5 2601.6 2651.7 2698.0 2886.4
390.02 487.284 511.522 910.11 964.655 1107.4 1109.31 1394.99 1475.92 1493.67 1498.36 1631.19 1702.2 1719.68 1752.42 1905.24 1941.63 2064.62 2134.06 2247.16 2294.42 2450.52 2488.28 2600.7 2720.17 2805.02 2815.94
16.44 119.66 128.79 161.53 165.51 197.94 208.45 228.86 248.94 271.9 282.57 330.06 392.53 408.14 512.97 514.73 564.34 600.76 619.64 636.04 650.34 737.75 741.33
217.95 495.82 910.97 956.0 1692.4 1924.3 2108.5 2989.5
56.55 59.571 102.276 108.654 141.334 145.032 227.803 251.787 455.06 894.11 1085.72
22.42 178.36 228.63 432.18 606.42 881.63 1273.93 1392.79 1507.73 1509.56 1544.97 1621.87 1655.27 1865.22 2015.46 2233.66 2257.56 2272.79 2369.15 2413.59 2436.65 2505.6 2556.63 2563.77 2599.33 2602.14 2634.52 2639.74 2736.26 2738.84 2812.3 2864.9 2868.8 2877.39 2913.76 2955.08 2998.84 3105.46 3194.94 3208.98
172.29 199.5 275.28 281.57 369.81 565.53 680.83 781.55 1030.3 1106.03 1545.44 1568.12 1621.22 1750.14 1810.5 1825.99 1896.05 1977.41 2091.02 2166.64 2422.73 2602.44
105.72 160.91 189.49 474.057 626.41 873.36 1116.34 1233.98 1282.34 1403.17 1477.33 1515.88 1797.11 1831.98 1857.72 1872.56 1970.03 2028.35 2028.81 2138.04 2149.26 2327.5 2348.53 2357.16 2384.97 2425.7 2698.78 2805.74 2828.66 2861.8 3242.83 3267.74 3529.92 3945.89
281.38 341.62 453.91 635.6 727.73 860.37 957.59 979.72 1031.08 1048.21 1122.57 1397.83 1866.61 2205.68 2627.0 2654.9 2831.1 3424.6 3553.9
278.7 707.6 802.6 871.2 962.6 1066.0 1582.2 1616.0 1838.3 1919.5 2214.3 2561.5 2649.0 2741.3 2919.7 2977.7 3020.1 3334.8
311.94 386.78 485.93 685.6 712.55 889.29 964.95 1171.36 1334.07 1427.97 1503.86 2070.19 2655.02
