64 82
901.7 1578.7 2052.6 2154.8 2669.6 2969.7 3406.7 3465.6 3716.9 3717.3 4245.7 5025.5 5175.2 5180.0 5372.9 6065.5 6564.4 8006.8

957.0 1693.16 2173.77 2495.36 2725.92 2798.29 3022.86 3241.68 3639.27 3654.9 3684.07 3736.87 3828.5 3980.98 4081.34 4205.58 4320.7 4425.68 4544.07 4846.35 5185.58 5307.9 5359.6 5493.52 5533.37 5948.8 6034.32 6419.9 6503.3 6582.07 6637.66 7131.54 7602.9 7638.08 7728.64 7738.24 7849.1 7996.81 8428.92 8544.29 8803.39 9406.06 9654.9
18.2 122.58 243.61 711.55 714.7 751.7 808.13 929.4 1019.9 1150.0 1159.0 1256.7 1273.8 1293.9 1431.8 1641.89 1652.8 1698.4 1747.29 1900.8 2096.8 2156.4 2218.2 2251.3 2421.12 2524.4 2597.2 3074.12 3603.96 4313.6 4733.05 4847.98
1015.99 1754.55 1777.62 2268.14 2428.91 2457.32 2649.07 2832.27 2947.3 3023.3 3040.82 3062.21 3087.6 3182.55 3287.9 3400.4 3417.3 3474.8 3510.06 3522.2 3582.34 3631.59 3649.47 3675.79 3696.25 3809.5 3883.39 4054.22 4144.45 4238.7 4454.45 4567.7 4659.89 4837.43 4878.1 4958.14 5049.97 5149.22 5330.61 5366.51 5678.56 5822.22 5873.89 5962.16 6215.41 6421.16 6557.06 6596.12 6671.52 7045.38 7145.92 7251.71 7371.79 7496.49 7517.47 7559.98 7762.49 8043.99 8172.5 8661.19 8790.8 8868.8 9387.11 10025.21 10218.21 10296.0 3425.1 5440.1 7677.1 10126.2 12815.2
86.765 232.694 373.954 397.944 812.186 862.019 933.142 994.92 1068.01 1159.9 1195.72 1203.5 1210.11 1278.38 1306.9 1350.6 1407.2 1414.77 1430.18 1432.63 1465.96 1478.72 1539.25 1590.82 1601.34 1610.93 1613.27 1666.32 1725.8 1763.45 1767.12 1882.41 1891.0 1919.64 1920.28 2000.7 2009.87 2012.53 2018.1 2025.21 2057.56 2067.5 2119.22 2143.5 2148.58 2151.23 2178.23 2223.17 2236.4 2246.7 2248.15 2258.1 2353.74 2370.14 2386.52 2462.13 2483.16 2500.46 2552.29 2553.83 2569.71 2584.59 2589.67 2594.55 2604.06 2615.36 2621.18 2637.51 2638.77 2654.72 2730.06 2735.35 2755.07 2772.89 2814.81 2834.09 2856.24 2869.3 2887.3 2902.31 2909.94 2946.7 2980.62 3075.8 3092.4 3095.2 3144.31 3157.25 3207.84 3256.1 3291.7 3343.28 3361.26 3395.88 3433.2 3508.21 3519.54 3541.1 3559.99 3562.0 3605.06 3636.82 3645.09 3666.76 3721.57 3749.11 3759.7 3813.69 3925.9 3940.02 3956.14 3963.84 3990.5 4067.86 4107.7 4267.1 4305.71 4493.5 4566.36 4594.26 4714.75 4837.06 5006.2 5089.8 5467.0 5593.02 5737.8 5802.0 5834.76 5841.7 5897.93 6041.84 6086.83 6291.71 6504.2 6548.45 6591.1 6839.54 7147.55 7405.5 7412.4 7578.54 7780.19 7903.56 8708.85 9012.3 9182.27
1039.25 1215.41 1707.9 2153.5 2157.4 2306.9 2451.5 2535.7 2561.4 2806.7 2887.8 2945.2 3046.8 3058.9 3107.0 3180.4 3296.1 3297.3 3313.9 3334.6 3371.9 3416.6 3489.4 3581.1 3631.2 3667.1 3669.6 3676.7 3753.4 3955.4 4102.4 4204.0 4299.4 4432.0 4549.7 4578.6 4671.2 4852.2 4985.3 5048.7 5243.2 5299.5 5305.0 5372.6 5472.0 5540.3
174.949 198.367 499.906 525.115 589.77 708.198 747.253 808.25 831.295 886.94 1026.56 1038.23 1095.51 1096.05 1139.44 1172.4 1192.28 1205.138 1212.482 1288.66 1298.737 1349.01 1378.72 1406.636 1415.9 1422.0 1449.8 1454.2 1474.0 1477.03 1506.387 1542.5 1558.735 1566.1 1598.532 1629.192 1697.6 1743.424 1780.765 1792.098 1801.13 1836.4 1937.45 1940.53 1949.2 1959.7 1965.06 2298.7 2314.18 2348.8 3681.0
691.43 834.011 1463.99 1728.3 2064.93 2396.1 2402.3 2463.9 2514.79 2583.5 2754.26 2772.11 2875.61 2939.96 2943.47 2950.4 3035.64 3080.33 3094.18 3129.01 3325.01 3338.0 3341.76 3401.86 3419.79 3439.35 3455.32 3550.66 3565.9 3619.4 3667.3 3667.41 3678.08 3708.5 3757.2 3760.59 3784.29 3803.55 3815.4 3840.2 3872.2 3898.58 3983.75 3985.91 3995.24 4041.0 4077.66 4090.4 4291.93 4521.0 4741.44 4820.1 4950.3 5082.6 5395.7 5421.4 5837.9 6115.1
13.275 66.716 68.752 353.56 364.02 392.45 499.11 501.45 554.91 597.62 659.0 741.7 825.77 868.04 894.1 915.5 931.7 993.7 1043.17 1130.5 1131.86 1264.4 1339.9 1386.1 1525.6 1610.24 1871.57 2004.1
595.85 1204.205 1463.759 1482.81 1697.14 1724.954 2165.259 2197.933 2227.77 2536.31 2569.329 2600.32 2669.62 2693.68 2696.918 2828.507 2835.923 2925.45 2935.475 2949.48 2973.472 3005.0 3034.0 3048.564 3081.321 3104.506 3140.3 3175.47 3211.8 3224.68 3271.51 3315.72 3342.94 3358.517 3381.74 3392.618 3409.931 3478.37 3515.441 3566.75 3578.93 3685.42 3691.79 3696.59 3707.2 3716.7 3720.79 3743.348 3771.74 3783.41 3790.9 3806.772 3807.03 3828.23 3832.23 3835.27 3889.69 3895.01 3897.98 3932.98 3941.09 3949.8 3958.03 3975.86 3976.23 3995.05 3995.83 4022.94 4030.1 4064.66 4201.55 4204.67 4217.3 4222.9 4235.33 4339.67 4367.2 4368.15 4413.54 4439.98 4442.18 4477.49 4527.89 4611.42 4630.43 4698.29 4840.92 4972.55 5131.45
61.89 139.69 192.18 199.89 253.1 316.85 457.05 574.69 584.41 673.65 762.1 885.46 901.3 947.2 1062.2 1080.6 1128.0 1136.9 1222.9 1240.73 1257.0 1335.2 1394.4 1408.0 1416.24 1427.36 1494.6 1501.54 1514.44 1537.7 1718.48 1796.27 1869.42 2003.91 2103.73 2110.1 2197.1 2214.8 2382.82 2527.25 2660.67 2664.4 2665.0 2759.1 2852.8 3031.6 3048.7 3067.3 3082.3 3162.9 3279.6 3290.3
562.93 1108.44 1410.08 1539.46 1911.07 2019.87 2204.9 2284.22 2478.2 2503.6 2591.1 2654.51 2692.4 2733.4 2747.76 2768.76 2841.57 2897.7 2919.79 3007.8 3041.0 3052.5 3131.8 3141.51 3182.21 3231.8 3312.33 3322.85 3334.7 3409.19 3420.4 3477.65 3484.1 3632.75 3887.05 3951.89 4122.3 4192.85 4239.4 4326.5 4363.5 4476.5 4719.9 4784.1 4812.5 4814.8 5122.48 5522.6 5663.37 5749.9 5883.0 6021.1 6065.2
159.7 224.9 421.0 491.9 504.8 581.0 618.8 629.4 760.5 778.0 884.3 1021.1 1047.6 1358.7 1385.0 1663.3 1823.3 2816.7
619.34 1186.49 1546.6 1570.14 1644.48 1842.72 2319.34 2438.7 2665.66 2705.94 2857.08 2952.8 3120.61 3389.78 3687.8 4083.7 4270.07 4279.4 5078.2
185.95 390.59 464.73 516.41 607.16 1045.09 1087.78 1104.4 1187.31 1473.63 1556.38 2049.95 2070.13 2140.32 2387.9 2487.38 2513.58 2774.59 2779.37 2827.26 2894.94 2998.81 3168.02 3196.7 3205.41 3289.81 3318.97 3352.34 3421.08 3440.5 3783.77 3803.1 3831.9 3892.56 3911.5 4056.76 4083.7 4184.3 4277.7
659.15 1573.56 1742.59 1972.16 2265.77 2851.93 2978.35 3036.95 3423.0 3423.66 3445.11 3498.33 3515.41 3685.89 3913.73 3982.64 3987.89 4025.84 4323.85 4413.15 4532.58 4851.13 4992.7 5232.74 5338.18 5451.26 5568.01 5573.2 5800.48 6047.14 6155.32
711.2 895.62 1241.44 1286.465 1303.23 1409.93 1548.504 1577.02 1723.97 1731.04 1805.54 1816.23 1832.23 1855.33 2138.38 2174.87 2419.9 2529.3 2549.97 2563.17 2693.67 2996.71 3021.38 3129.05 3437.23 3503.08 3665.56 3697.95 3772.87 3820.15 4012.91 4035.31 4168.17 4276.77 4470.53
1348.04 2215.44 2286.36 2333.1 2702.1 3257.41
