67 83
697.0 1102.9 1422.4 2282.4 2365.4 3180.1 3593.4 3884.7 4523.4 4950.8 5725.4
111.36 158.05 160.78 214.0 313.4 352.9 363.0 425.84 504.4 549.5 563.6 573.7 733.0 893.1 964.7 1091.0 1120.9 1194.0 1214.1 1251.1 1303.5 1354.2 1427.9 2156.9
97.99 164.42 497.36 760.1 789.47 864.06 933.4 1001.7 1075.7 1105.6 1306.83 1366.9 1492.5 1601.2 1627.6 1691.1 1714.9 1744.4 1804.7 1828.6 1865.0 2119.2 2151.6 2160.94 2184.0 2212.41 2310.9 2346.9 2383.1 2408.9 2469.3 2532.9 2646.3 2652.6 2809.1 2832.8 2873.0 3031.0 3046.9 3059.2 3144.4 3220.1 3259.68 3264.0 3346.5 3394.5 3468.8 3651.5 3667.0 3785.6 3846.0 3875.1 3999.5 4152.7 4331.5 4464.99 4634.2 4654.0 4849.0 4999.7 5056.0 5197.9 5296.9 5401.7 5508.1 5715.0 5829.0 5919.0 6148.7 6375.5 6931.4 7697.5
32.06 39.45 81.55 166.68 167.73 234.8 325.68 328.65 344.7 383.35 390.08 458.21 485.27 508.86 566.52 581.58 593.53 625.08 626.23 641.83 688.63 698.85 772.43 778.87 868.58 887.68 890.51 898.31 933.03 1045.7 1164.25 1454.2 1651.2 1676.01 1752.1 1809.3 2467.3 2579.8 2732.8 4075.5
143.49 147.41 506.16 828.62 870.3 924.57 977.87 990.55 1000.21 1129.02 1242.62 1284.76 1338.87 1412.69 1443.1 1463.06 1471.19 1490.0 1537.0 1615.67 1714.5 1751.69 1904.7 1981.54 2100.08 2369.93 2429.22 2506.89 2689.4 2749.0 2790.4 2989.5 3172.62 3788.4 4070.0 4186.0 6621.0 7018.0
45.82 213.7 288.43 298.2 309.78 318.36 356.7 362.83 379.92 389.9 414.26 438.75 439.99 482.52 484.3 501.4 514.12 525.42 559.04 563.11 565.36 586.41 593.63 624.76 644.68 650.28 662.99 673.66 708.13 729.8 732.4 743.04 745.33 747.03 794.03 800.0 802.08 813.57 828.47 834.51 837.93 841.47 866.9 903.46 966.93 981.26 1033.77 1067.93 1115.7 1179.27 1307.1 1346.66 1401.9 1665.96 1875.2 2134.11 2307.7 2326.6 2517.2 2925.2 3044.2 3151.4 3446.1 3504.9 4777.9 6088.1
67.03 84.19 253.85 393.39 427.76 509.88 574.44 577.42 655.36 674.0 769.6 850.41 860.46 928.94 993.71 1012.4 1037.03 1077.57 1078.5 1086.69 1177.75 1188.72 1217.1 1221.34 1274.94 1292.97 1299.4 1302.06 1324.31 1328.56 1344.08 1399.0 1489.29 1557.11 1588.58 1612.19 1649.5 1657.95 1761.45 1796.3 1850.44 1876.4 1903.4 1909.99 1949.73 1962.6 1972.9 1975.23 1977.2 1982.44 2039.25 2039.63 2180.43 2211.59 2311.4 2415.28 2475.35 2482.61 2484.67 2583.94 2622.6 2847.8 2964.9 3050.3 3294.3 4082.7 7861.6
173.07 183.07 202.11 206.48 259.29 267.36 271.66 278.36 315.24 332.1 335.5 373.0 385.05 422.12 425.92 446.76 447.7 465.29 507.58 514.03 516.44 526.16 533.4 547.1 551.99 586.07 595.72 616.9 626.2 633.1 649.92 700.1 701.5 716.3 732.0 743.4 753.5 758.6 802.4 903.3 1128.9
198.6063 264.6581 279.5428 303.9241 400.6582 468.75 572.37 617.69 821.66 859.8 865.0 886.4 1043.4 1063.3 1074.5 1080.8 1096.3 1100.2 1126.7 1172.0 1203.6 1302.3 1309.4 1349.3 1370.8 1420.2 1430.5 1503.4 1579.8 1606.4 1654.6 1684.2 1687.9 1873.5 1900.9 1909.2 1987.8 2001.0 2009.7 2021.3 2066.9 2103.8 2111.1 2148.2 2159.8 2175.8 2227.9 2239.5 2258.6 2303.2 2326.6 2358.2 2379.6 2419.0 2503.4 2508.1 2570.9 2608.9 7646.0
44.425 86.787 120.258 122.248 165.048 203.542 211.146 264.807 280.302 286.017 292.557 300.46 308.319 328.478 352.361 363.906 366.228 377.383 401.833 436.802 447.17 457.349 460.2 471.0 479.295 499.58 505.204 508.687 517.579 519.608 544.023 550.435 553.5 609.97 624.6 628.744 637.249 640.122 669.115 681.0 686.128 703.248 734.39 741.458 742.9 744.945 751.8 756.574 774.408 785.833 793.57 802.452 863.35 893.811 909.125 924.756 935.376 939.75 958.393 970.98 985.526 1013.8 1026.2 1034.206 1064.485
194.747 215.484 264.422 475.443 503.88 614.487 631.815 634.405 784.725 875.208 889.06 1048.4 1058.74 1164.98 1189.776 1201.26 1221.21 1279.96 1319.69 1345.13 1350.23 1397.3 1398.556 1457.653 1528.317 1538.794 1560.649 1573.727 1604.68 1676.46 1732.81 1736.7 1837.71 1888.4 1929.9 1971.057 2000.141 2000.3 2110.882 2124.0 2195.4 2341.656 2354.072 2424.27 2463.19 2512.8 2513.27 2543.88 2584.9 2745.2 3002.7 3150.9 3363.6 3855.6 4456.2
277.3 293.9
100.45 109.58 230.57 603.69 634.06 772.81 875.16 1012.03 1411.98 1490.23 1496.89 1505.96 1517.89 1869.42 1890.36 1964.84
265.35 310.65 360.82 680.26 937.05 1873.1
93.1 290.4 335.96 737.72 758.42 864.29 1042.0 1083.39 1128.98 1195.04 1613.55 1870.0 1914.95 2142.1 2250.87 2624.53 2758.28 2862.47 2912.07 2965.92 3136.27 3195.48 3290.4 3368.4 3531.1 3562.73
843.19 1091.97
306.52 711.68 1193.7 1196.5 1256.8 1329.7 1415.1 1434.9 1525.5 1543.4 1804.8 1977.9 2222.9 3100.2 3522.6 3733.5 3956.4 3999.7 4030.6 4130.1 4191.5 4221.2 4228.3 4364.4 4405.7 4434.1 4841.8
