69 84
39.4 128.6 573.9 915.1 1100.5 1123.2 1193.6 1249.9 1652.8 2022.4 2398.0 2434.6 2450.9 2471.1 2491.4 2898.9 3206.1 3617.9 3674.7 3713.1 4272.2 4389.3
944.6 1600.7 2012.1 2037.9 2382.3 2516.6 2553.2 3001.6 3140.4 3356.2 3385.9 3521.9 3645.4 3785.9 3913.2 4035.2 4322.9 4408.3 4604.1 4895.0 4952.1 5204.0 5207.3 5691.4 5805.6 6014.1 6487.4 6507.1 6874.9 6955.6 7303.6 7938.5 8347.3 9493.5
48.79 171.52 260.48 282.44 647.8 756.97 796.4 1040.6 1154.0 1298.0 1493.5 1639.3 1680.5 2326.9 2418.0 2448.5 2481.2 3236.7 3426.6 3452.0 3635.1 4300.9 4497.0 4504.1 4834.3 6035.3
862.08 937.22 1316.68 1636.86 1876.2 1998.94 2150.3 2293.69 2371.51 2405.73 2433.76 2466.77 2586.42 2965.2 3124.09 3173.19 3213.5 3226.2 3232.09 3239.5 3349.91 3382.6 3424.8 3521.95 3769.99 3917.25 4092.8 4217.7 4325.7 4504.3 4713.2 4762.83 5709.7 5830.8 6686.5 7038.1 7041.9 7190.7 7795.7 8089.7 8495.1 10095.1 11832.2 13742.2 15896.2 18216.0 20798.0
25.71 90.57 151.21 192.44 295.45 400.36 426.39 505.87 566.28 574.8 601.3 639.36 640.73 644.84 684.63 724.65 790.36 790.85 805.39 869.9 940.12 943.29 972.54 999.53 1021.93 1091.76 1094.26 1180.75 1230.49 1295.1 1357.26 1550.82 1554.49 1564.56 1564.66 1573.77 1619.4 1698.6 1863.85 1883.7 1933.9 2004.75 2010.06 2017.66 2041.8 2091.41 2210.65 2268.0 2435.92 2487.6 2626.5 2641.16 2868.9 2875.8 2952.56 3006.88 3100.8 3175.66 3206.4 3306.5 3443.4 3854.9 3917.9 4014.8 4390.0 4591.7 5222.5 5639.9 5856.1 5894.0 6529.5 7018.0 7237.1
634.75 853.83 1269.02 1363.22 1657.48 1838.68 1884.27 2107.99 2231.45 2314.09 2349.63 2378.6 2563.44 2661.93 2818.46 2831.54 2842.66 2918.45 2986.68 3037.3 3078.05 3112.32 3198.42 3200.8 3250.12 3250.88 3253.3 3306.0 3379.4 3382.61 3516.04 3524.95 3539.76 3580.3 3624.48 3674.78 3733.64 3771.94 3788.29 3841.88 3928.65 3930.64 3972.9 4044.37 4094.45 4198.22 4256.32 4266.7 4309.19 4342.5 4379.9 4403.29 4441.7 4449.52 4487.2 4496.32 4516.24 4536.5 4580.0 4586.19 4592.11 4661.95 4699.6 4757.2 4794.47 5209.2 5443.0 5491.1 5492.1 6254.0 6681.6 6685.5 6735.3 7452.3 7976.7 8115.8 9679.7 11358.3 13120.0 14921.0
112.3874 133.04 286.5698 293.104 427.8836 585.9492 610.714 628.43 663.9554 747.649 762.44 777.3212 789.988 814.32 839.892 859.535 895.273 934.1 953.296 962.642 1003.845 1020.469 1047.185 1066.39 1073.824 1078.69 1087.12 1088.15 1144.459 1162.3 1181.85 1184.188 1189.2 1198.534 1245.243 1259.93 1301.705 1374.513 1380.36 1406.69 1431.95 1439.0 1454.676 1456.63 1487.57 1491.45 1550.12 1560.888 1589.532 1628.43 1652.67 1667.77 1673.37 1740.96 1803.1 1811.4 1905.19 1910.84 1912.3 2391.07 2595.77 2766.03 2840.44 2871.73 3018.5 3289.06 3305.94 3432.1 3646.44 3746.4 3884.7 4199.3 4267.6 4472.2 4706.7 4831.4 5037.5 5476.1 5585.9 6059.5 6172.6 6870.7 7649.7 7756.0 8448.2 10243.2
559.102 1122.283 1216.147 1330.86 1688.962 1787.648 1791.2 1881.2 2025.994 2127.215 2170.554 2262.4 2346.9 2362.955 2429.095 2489.3 2514.663 2605.7 2619.2 2630.8 2655.32 2669.88 2804.5 2812.4 2816.8 2824.762 2859.75 2869.7 2910.98 2950.53 2976.2 3009.4 3045.7 3069.75 3084.4 3105.7 3160.07 3225.7 3239.0 3262.3 3269.8 3297.4 3312.0 3351.54 3432.1 3441.5 3459.4 3530.0 3556.46 3604.08 3651.2 3696.3 3785.7 3853.6 3929.1 3970.6 4005.6 4008.6 4019.3 4044.5 4084.3 4173.1 4199.6 4214.0 4215.5 4299.5 4324.5 4383.9 4405.2 4436.9 4605.8 4687.5 4728.4 5068.0 5432.5
161.9223 175.3058 238.9988 249.7884 301.1497 439.4516 520.6392 581.0107 680.1046 796.152 808.185 817.8562 824.4307 911.5313 946.983 970.04 978.3 999.2 1005.184 1024.14 1126.64 1128.113 1132.458 1172.48 1179.3 1186.984 1193.1 1230.624 1252.965 1282.8 1351.57 1364.274 1402.486 1411.626 1488.237 1511.024 1607.701 1616.58 1620.5 1623.144 1714.749 1721.94 1817.637 1830.863 1886.52 1888.67 1916.064 1998.6 2055.45 2092.09 2103.37 2142.6 2212.14 2240.22 2248.923 2264.16 2264.43 2320.13 2339.94 2373.36 2393.012 2455.449 2491.92 2551.9 2553.84 2579.8 2611.17 2640.967 2716.32 2776.77 2789.6 2809.1 2815.46 2818.3 2853.09 2864.46 2869.3 2872.98 2891.94 2966.79 2982.91 2994.21 3014.69 3040.31 3051.14 3063.94 3071.94 3132.53 3147.5 3168.19 3191.52 3201.4 3232.79 3243.92 3245.56 3264.9 3312.7 3327.03 3333.7 3348.63 3354.21 3362.23 3396.17 3403.98 3409.6 3412.44 3415.02 3439.7 3450.42 3472.0 3472.82 3480.51 3517.9 3545.68 3552.44 3560.64 3641.4 3642.23 3694.41 3718.48 3764.78 3772.4 3798.2 3827.1 3864.6 3868.66 3880.0 3885.1 3935.12 3988.5 4068.49 4180.3 4212.1 4243.63 4288.44 4301.69 4321.0 4391.9 4531.8 4625.8 4670.5 4846.9 4862.3 5001.4 5258.9 5584.0 5941.4 6654.9
613.727 1308.644 1498.599 1502.824 1758.692 1853.926 1995.899 2190.65 2267.07 2299.8 2327.325 2335.21 2361.85 2507.32 2536.95 2546.4 2629.6 2647.474 2682.106 2719.3 2735.0 2742.52 2753.2 2838.48 2864.12 2889.9 2898.14 2914.7 2949.2 3005.66 3013.95 3039.81 3048.6 3089.72 3133.3 3139.7 3140.2 3144.46 3181.9 3186.47 3229.71 3242.82 3254.38 3288.28 3294.36 3306.79 3372.6 3383.64 3386.0 3411.29 3439.45 3450.83 3488.2 3494.38 3496.26 3522.94 3523.81 3550.14 3585.0 3591.66 3603.8 3624.1 3628.1 3632.2 3686.52 3704.0 3711.3 3735.15 3830.6 3894.58 3959.84 3999.14 4037.02 4048.0 4079.86 4121.1 4182.02 4214.1 4253.11 4297.48 4341.53 4366.56 4386.92 4412.05 4448.46 4469.0 4528.76 4625.0 4672.5 4684.29 4690.31 4696.99 4723.02 4786.9 4787.93 4791.2 4811.96 4819.2 4856.9 4957.22 4972.35 4998.2 5004.71 5022.28 5029.9 5090.85 5094.8 5101.3 5126.63 5164.2 5180.58 5290.17 5295.3 5339.73 5356.54 5390.8 5440.2 5451.37 5513.24 5689.1 5783.7
95.77 136.97 364.86 527.93 571.97 629.81 728.5 790.38 818.81 897.16 974.84 982.9 1008.21 1060.5 1072.36 1080.46 1088.65 1110.07 1156.0 1231.18 1253.5 1256.81 1312.0 1322.2 1339.98 1417.6 1489.8 1636.52 1667.8 1713.0 1760.09 1763.9 1765.0 1797.3 1934.0 1935.7 1967.8 2113.93 2182.05 2182.2 2210.3 2258.3 2280.0 2303.3 2327.8 2663.2 2689.09 2738.4 2834.12 2904.24 3031.5 3061.76 3171.02 3176.52 3505.8 3564.38 3611.0 3676.8
666.16 1449.22 1479.0 1701.22 1873.34 1960.05 2121.0 2310.92 2344.0 2494.7 2514.25 2627.1 2716.6 2774.3 2786.9 2813.9 2825.3 2827.15 2836.3 2947.3 3024.7 3038.3 3126.08 3175.4 3199.5 3226.4 3280.4 3350.34 3390.9 3441.6 3606.4 3619.7 3726.8 3815.6 3870.2 3951.9 4047.0 4062.3 7818.67
102.99 294.3 467.77 491.05 615.8 624.09 889.08 1052.74 1232.82 1303.54 1406.34 1702.3 1711.28 1725.07 1828.2 2029.66 2173.9 2179.32 2253.1 2332.73 2383.1 2568.5 2570.19 2659.65 2769.76 2773.4 2935.18 2953.4 2965.14 3222.7
654.69 1409.9 1731.3 1734.99 2550.1 2625.7 2893.56 3009.8 3454.03 3668.9 3706.0 4091.0 4566.2
539.5 582.0 963.1 1062.7 1100.0 1264.9 1330.8 1472.3 1665.3 1710.0 2076.7 2858.3 2880.3 3166.0 3865.1 4988.4
1454.42 2121.48 2461.35 2699.41 2984.62 3024.21 3069.64 3125.86 3232.26 3297.31 3370.49 3408.56 3438.98 3541.29 3548.1 3871.84 3985.1 4082.01 4116.21 4282.44 4445.01 5161.0 5222.01 5596.28 5637.4 5661.47 5869.22 5889.9 6020.15 6249.44 6400.3 6541.4 6604.5
