71 87
207.0 262.0 670.0 759.0 806.0 1496.0 1611.0 2392.0 2518.0 3473.0
100.92 124.3 131.36 162.35 218.55 229.83 310.4 333.52 370.88 379.23 398.49 415.0 468.81 576.5 603.5 659.83 668.67 717.72 959.95 992.17 1189.52 1320.4 1345.5 1448.9 1614.2 1722.4 1990.9 2084.7 2188.0 2482.7 2500.0 3081.6 3521.1 3633.0 4209.1 4885.0
26.6 177.8 240.3 285.8 303.6 329.2 391.9 473.3 473.6 481.1 681.0 942.9 1056.5 1254.9 1662.0 1860.9 1989.4 2512.2 2856.1 2874.0 3464.7 3909.7 4021.1 4536.7 5090.7 5338.0 5754.7 6402.7 6808.0 7104.0 7879.0 8461.0 8575.0 9522.0 10167.0 10295.0 11306.0 11975.0 12326.0
9.84 72.63 85.71 89.63 132.6 179.1 180.59 200.82 201.95 202.12 212.84 238.5 239.32 271.9 296.36 306.58 329.4 339.67 371.18 380.0 390.05 394.54 396.95 406.29 406.9 424.36 434.9 443.3 462.9 469.1 485.76 534.7 543.29 588.0 593.26 609.12 612.9 619.76 663.1 669.72 701.28 736.2 802.7 815.54 820.48 826.13 831.8 861.51 922.31 969.9 978.3 989.99 1049.4 1164.35 1170.4 1173.89 1197.2 1201.71 1272.77 1384.1 1485.4 1487.9 1489.1 1633.7 1660.1 1688.0 1728.7 1893.0 1983.0 2000.1 2067.9 2133.8 2140.2 2263.0 2331.5 2440.8 2506.1 2616.2 2765.9 2833.4 3156.1 3176.6 3307.9 3446.5 3684.3 4097.1 4341.0 4492.1 4908.7 5614.5 5962.1 7614.3
119.52 132.46 154.61 179.32 220.8 273.1 295.64 352.47 373.97 518.05 524.33 773.49 782.2 783.74 792.97 824.91 847.8 901.51 939.64 1072.49 1149.81 1258.2 1512.1 1515.91 1601.99 1612.5 1613.9 1791.25 1897.43 2042.5 2069.7 2133.3 2301.4 2355.96 2606.3 2659.31 2756.14 2775.8 2863.66 2945.9 2958.8 3223.1 3225.8 3274.02 3326.3 3438.7 3665.3 3777.77 3870.42 4016.5 4137.1 4171.8 4198.7 4349.6 4416.6 4525.1 4782.1 4968.8 5192.33 5293.9 5526.4 5603.8 5708.8 5811.2 6237.81 6587.3 6630.8 6940.11 6991.9 7076.7 7225.2 7641.82 8051.7 8278.7 8334.33 8645.0 8692.5 9212.5 9704.7 9883.8 10151.0 10412.5 10444.5 10452.8 10909.3 11515.7 11656.4 12107.0 12208.0 12799.0 13682.4
45.47 102.58 150.52 212.1 244.8 252.28 301.6 315.78 317.11 355.33 356.8 363.1 425.7 446.18 451.99 467.3 487.4 495.6 505.1 527.8 548.4 583.5 594.7 616.13 687.7 688.2 761.1 815.2 868.2 882.5 898.41 936.55 988.3 1025.4 1047.89 1120.5 1338.3 1511.3 1610.5 1747.8 1825.3 1993.3 2080.1 2197.8 2219.1 2577.3 2626.1 2689.8 2736.5 3107.6 3118.0 3286.2 3706.7 3835.3 4000.0 4434.0 5550.0 5930.0 7303.0 7585.0 9415.0
105.86 129.64 161.93 166.73 226.7 276.22 336.7 417.71 424.7 471.2 575.86 640.13 649.2 715.7 771.0 781.1 782.49 790.68 831.5 864.53 886.9 947.61 967.21 969.5 1024.46 1093.8 1097.71 1127.9 1274.44 1286.8 1304.9 1482.53 1539.03 1576.15 1602.8 1645.0 1747.39 1827.04 2021.86 2047.0 2129.1 2193.6 2339.9 2344.3 2550.8 2648.19 2792.81 2926.9 2932.02 3037.0 3201.0 3219.85 3610.1 3642.7 3728.29 3729.8 3774.9 4150.0 4216.3 4247.3 4903.0 4981.1 5149.4 5517.4 5528.3 6297.0 6410.8 6691.6 6979.5 7876.0 8028.8 8421.0 8579.5 9609.0 10280.0 10316.0 11344.0
32.3 55.1 125.1 180.82 194.0 195.8 197.2 204.4 227.7 242.9 244.6 263.4 265.0 284.3 292.2 311.7 329.6 337.8 367.2 391.2 414.9 433.6 437.7 447.0 457.2 467.8 476.9 498.0 526.0 579.4 647.7 793.3 912.1 1001.0 1006.3 1372.4 1767.1 2668.3
207.52 217.11 261.34 306.51 381.5 397.48 523.13 606.02 761.35 793.4 796.81 831.97 906.4 940.0 954.08 1032.4 1068.0 1112.51 1124.0 1131.67 1176.7 1180.8 1189.5 1221.6 1254.3 1256.5 1313.8 1332.29 1333.0 1390.4 1470.8 1491.7 1501.6 1512.3 1512.7 1573.4 1613.1 1621.5 1655.4 1682.9 1692.2 1713.4 1732.0 1742.3 1778.6 1780.6 1792.7 1948.0 1957.1 2049.0 2278.5 2355.7 2393.1 2421.5 2468.8 2479.0 2506.9 2574.8 2580.4 2725.2 2773.9 2802.1 2866.0 2903.0 3088.3 3170.0 3366.4 3535.7 3560.2 3936.5 4116.7
37.0526 85.843 256.431 271.374 281.291 299.89 309.471 314.982 331.047 331.403 357.23 366.607 379.9 380.458 385.73 390.518 447.87 456.375 468.982 469.273 492.885 500.19 523.286 549.561 572.93 586.121 615.32 646.45 660.565 682.91 685.27 717.55 723.987 727.075 731.15 737.139 765.889 771.2 774.15 805.124 813.89 825.27 830.876 852.348 860.654 883.59 908.053 914.579 958.46 971.731 997.316 1021.324 1022.394 1033.06 1051.59 1053.604 1065.202 1075.57 1116.92 1141.03 1143.425 1146.385 1148.05 1190.73 1198.22 1203.03 1212.33 1223.94 1248.81 1320.25 1322.09 1346.8 1358.85 1405.9 1534.7 1587.5 2256.4 2942.3 3210.4
275.986 536.2 538.2 566.03 649.9 767.15 789.4 828.29 836.77 1023.7 1076.0 1105.3 1176.8 1237.88 1266.0 1266.4 1323.0 1327.4 1349.8 1371.5 1401.0 1481.8 1512.9 1522.3 1535.9 1541.6 1543.0 1543.2 1587.0 1587.4 1670.7 1681.2 1696.1 1751.5 1788.9 1799.1 1866.4 1885.2 1945.6 1948.2 1995.9 2000.3 2022.2 2118.1 2221.3 2277.8 2305.0 2387.5 2421.1 2549.4 2668.5 2942.1 3089.0 3196.1 3333.5 3526.8 3798.7
45.9492 75.0621 290.7807 362.8011 376.7 420.0682 475.4248 540.989 627.2365 641.1642 689.249 759.949 762.13 763.714 792.276 822.811 846.689 886.7 910.77 935.301 967.51 970.918 988.151 1007.897 1022.47 1058.981 1068.73 1082.854 1093.166 1109.794 1139.93 1155.1 1179.396 1186.69 1216.522 1226.542 1232.572 1243.59 1261.03 1276.204 1793.8 2243.3
356.68 799.09 866.74 987.94 1021.57 1030.67 1053.83 1091.9 1352.55 1420.83 1438.62 1660.03 1701.16 1804.11 1810.09 1915.43 2051.45 2058.47 2127.1 2134.08 2337.6 2397.61 2531.16 2646.67 2693.81 2737.88 2765.4 2777.6 2788.7 2809.72 2811.4 2946.24 3023.9 3050.3 3068.8 3091.2 3135.0 3136.6 3260.0 3333.4 3418.4 3533.6 3874.7 4221.9 4582.4 5118.2 5390.7 5635.0
408.2
345.19 955.82 1191.3 1427.2 1553.3 1724.7 1795.2 1859.5 1943.8 2800.5 3007.8 3539.6 3644.6 3680.37 3741.7 3824.6 3970.4 4000.4 4028.8 4119.0 4172.4 4299.4 4510.9

242.38 573.19 710.61 1878.18 3926.3 3987.0
