72 93
709.1 1321.6 2111.8 3036.8
125.7 142.3 255.0 480.1 492.8 586.5 779.9 1018.4 1154.2 1409.3 1528.0
455.8 1013.92 1121.4 1782.03 1942.7 2616.07 2657.82 2748.94 2814.03 3141.95 3368.86 3843.35 3893.75 4134.9 4724.85 5088.9 5180.86 5767.9 6213.9 6514.9 6970.9 7493.9 7856.9 8320.9 9302.9 10863.0
178.93 187.19 358.09 377.87 611.4 629.07 671.81 726.3 770.04 786.4 833.22 880.71 904.89 1026.5 1042.19 1067.46 1099.1 1265.43 1363.6 1528.0 1593.94 1646.32 1755.4 1758.8 1964.03 2109.31 2113.1 2262.3 2305.9 2562.49 2579.0 2610.8 2629.2 2688.6 2708.7 2859.7 2918.4 2957.2 3039.6 3049.02 3110.32 3189.4 3342.2 3436.9 3465.0 3623.3 3766.0 3803.4 3824.0 4044.9 4129.1 4275.8 4290.3 4647.0 4737.0 4818.0 5024.0 5159.0 5464.1 5556.5 5919.0 5971.0 6043.0 6308.4 6357.0 6686.6 6888.1 7240.0 7507.0 7728.0 7841.0 8038.0 8384.6 8694.0 8917.0 9280.0 9323.0 9451.0 9530.0 10047.0 10487.0 11197.0 11251.0 11271.0 11750.0 12281.0
423.96 769.87 1034.62 1221.65 1598.0 1687.28 1733.29 1859.0 1957.3 2091.44 2104.31 2227.17 2257.41 2452.1 2570.95 2622.2 2682.6 2763.0 2774.87 2816.7 2878.7 2926.54 3024.18 3175.4 3287.5 3332.0 3571.0 3902.1 4067.9 4071.9 4403.0 4807.6 5050.4 5347.0 5874.2 6219.2 6647.0 7109.7 7577.2 7996.3 8520.9 9110.7 9396.0 10056.5 10725.8 10930.0 11650.0 12686.0 13347.0 14735.0
66.47 150.16 245.35 278.96 459.86 499.75 577.4 674.98 714.35 733.3 747.4 784.95 790.55 799.89 872.02 955.77 957.85 1003.28 1013.0 1020.77 1024.9 1037.42 1054.76 1108.87 1154.3 1177.8 1243.07 1312.42 1444.1 1509.5 1570.15 1660.03 1672.46 1782.24 1838.37 1865.8 1907.7 1913.53 1918.47 2025.73 2064.11 2521.07 2707.89 2822.68 2989.92 3007.83 3054.28 3113.52 3604.3 3770.48 4152.39 4302.7 4747.3 4813.6 5375.6 5619.8 6085.2 6708.6 7644.2 8216.0 9912.7 11759.8
455.04 1017.18 1119.47 1147.92 1564.76 1653.9 1755.86 1772.93 1872.9 1977.82 2007.42 2234.2 2240.69 2299.78 2399.03 2413.44 2443.37 2471.9 2508.02 2573.35 2656.13 2677.64 2731.43 2749.78 2764.1 2882.08 2882.85 2992.56 2993.32 2999.37 3064.62 3072.42 3105.36 3161.18 3202.2 3219.66 3230.49 3233.55 3287.84 3361.15 3437.42 3539.07 3575.08 3606.9 3662.18 3669.21 3703.6 3725.48 3749.15 3770.66 3771.0 3774.61 3793.8 3829.45 3893.27 3918.4 3937.58 4007.8 4028.25 4040.39 4089.32 4105.3 4201.68 4254.6 4396.4 4420.88 4808.5 4955.3 4965.4 5011.53 5061.69 5180.74 5192.51 5217.3 5222.6 5243.88 5333.04 5369.56 5444.1 5529.24 5543.69 5567.79 5586.09 5855.0 6086.0 6479.0 7067.0 7392.0 7936.0 8469.0 8882.0 9568.0 10551.0 11312.0 12389.0 13157.0 15160.0
129.78 147.09 148.88 182.8 290.53 384.09 401.96 449.98 533.4 635.81 659.26 673.15 675.8 688.18 694.96 719.2 752.05 809.5 814.29 835.53 896.67 907.25 931.1 958.32 975.91 983.66 987.0 1038.72 1063.54 1064.67 1079.1 1132.21 1171.53 1200.4 1299.92 1333.8 1363.11 1428.19 1450.64 1474.62 1502.4 1508.0 1549.8 1568.1 1598.5 1606.5 1609.93 1662.03 1662.21 1707.42 1803.1 1812.47 1850.6 1884.44 1916.0 2001.93 2056.76 2105.51 2135.6 2366.57 2415.67 2583.78 2586.16 2643.14 2857.14 2930.32 2979.0 3061.69 3145.76 3214.5 3288.6 3383.3 3585.71 3618.6 3655.1 3845.8 4087.7 4133.2 4299.3 4708.2 4899.4 5523.6
616.61 1256.25 1320.5 1436.03 1787.96 2145.82 2391.8 2438.91 2659.4 2792.96 2859.27 2997.3 3039.04 3041.56 3110.22 3345.43 3409.5 3487.8 3529.93 3558.33 3581.38 3634.9 3699.3 3915.8 4125.75 4153.2 4163.1 4377.0 4392.9 4561.8 4647.9 5158.3 5436.5 6676.5
49.55 190.62 456.69 548.97 608.48 636.76 700.81 731.97 873.7 902.53 919.81 934.09 976.35 976.55 981.58 994.32 1014.79 1025.6 1093.5 1100.04 1206.6 1239.09 1278.16 1280.53 1338.29 1349.17 1351.16 1395.77 1443.54 1491.62 1506.19 1558.2 1607.46 1677.98 1682.7 1687.9 1743.63 1744.69 1781.8 1828.95 1841.7 1853.97 1902.6 1990.9 1993.62 2021.19 2065.14 2069.1 2096.89 2135.8 2143.91 2166.09 2192.5 2217.2 2290.55 2363.0 2420.32 2533.63 2694.7 2699.67 2784.0 2828.19 3061.68 3092.2 3195.5 3392.8 3455.7 3490.8 3558.0 3624.0 3650.0 3854.7 3957.1 4099.5 4301.0 4472.2 4714.4 5047.5 5759.5
776.521 1474.9 1487.62 1820.529 1956.788 2094.011 2171.68 2426.88 2450.09 2479.719 2547.75 2556.176 2648.362 2655.862 2828.102 2849.74 2919.71 2944.14 3011.06 3037.8 3167.55 3186.82 3255.89 3348.45 3355.32 3457.5 3461.64 3496.56 3564.6 3595.1 3655.55 3709.35 3716.83 3815.1 3835.8 3846.09 3881.1 3911.1 3951.4 3956.1 3997.9 4016.26 4033.76 4063.49 4068.04 4125.11 4170.89 4343.0 4437.6 4609.49 4667.87 4746.77 4822.13 4896.7 5011.86 5325.36 5702.8 5992.5 6009.5 6011.6
9.4053 41.5569 561.9569 571.1534 690.3 799.2 1011.8 1102.75 1122.06 1170.44 1221.87 1277.9 1516.91 1529.16 1533.74 1538.1 1642.46 1721.48 1738.2 1780.9 1889.0 2145.3 2265.83 2271.42 2290.3 2338.1 2470.46 2478.1 2483.84 2510.18 2550.88 2640.67 2733.8 2841.24 2985.9 3157.54 3322.0 3367.06 3411.56 3493.4 3603.09 3685.8 3804.4 3820.8 3906.4 4025.7 4172.4 4218.4 4585.2 4629.8 4694.7 4870.0 5103.3 5183.9 5641.0 5683.4 5736.1 5778.4 6373.4
881.615 1837.3 1897.784 2095.0 2345.46 2489.2 2622.98 2700.28 2759.28 2770.95 2861.09 3042.11 3082.38 3172.51 3183.29 3219.34 3236.02 3288.67 3312.39 3365.88 3408.16 3426.73 3463.0 3475.75 3587.1 3638.5 3651.47 3705.87 3718.21 3777.0 3831.58 3870.1 3878.8 3927.33 3951.21 4001.82 4084.3 4116.8 4189.2 4214.43 4238.5 4278.3 4350.1 4388.17 4407.8 4455.5 4594.8 4676.62 4718.51 4852.16 4928.95 4976.0 5204.0 5373.4 5448.71 5640.66 5901.6 6067.0 6472.2 6572.0 6590.2 7015.7 7653.1
304.871 1107.32 1140.73 1166.69 1223.98 1342.61 1416.57 1430.6 1611.6 1847.0 1873.52 1931.5 1938.83 1990.1 1991.8 2004.4 2113.4 2135.1 2137.34 2144.9 2235.2 2383.5 2497.9 2534.3 2602.4 2617.9 2636.7 2784.5 2814.9 2929.4 3139.2 3193.6 3412.8
1564.75 2250.0 2349.78 2850.46 2926.32 3098.98 3816.48 3935.3 4064.29 4316.16 4430.7 4693.5 4755.9 5406.8 5518.8 5660.4 5669.3 5814.6 6085.3 6161.7 6210.6 6248.2 6722.0 6768.6 7128.3 7459.7 7876.6
532.01 1419.63 1476.13 1577.58 1841.41 1881.21 2005.41 2071.64 2087.6 2105.37 2122.52 2258.67 2300.04 2329.9 2369.5 2372.0 2372.35 2451.9 2462.86 2498.58 2513.77 2519.34 2547.16 2565.8 2605.78 2641.74 2715.24 2757.67 2787.35 2821.05 2832.1 2836.55 2863.25 3004.0 3020.81 3026.83 3080.78 3142.91 3171.85 3217.85 3225.98 3237.18 3256.89 3288.4 3297.12 3301.9 3361.9 3434.76 3444.9 3559.7 3599.0 3645.59 3657.3 3689.1 3777.4 3807.02 3809.41 3874.2 3909.8 3917.16 3923.0 4027.2 4136.4 4180.82 4192.1 4197.9 4204.1 4223.4 4226.33 4265.1 4297.29 4327.2 4416.91 4524.16 4548.29 4572.49 4595.49 4620.9 4644.57 4655.2 4668.18 4710.34 4711.24 4728.2 4734.55 4752.71 4784.46 4807.9 4824.9 4836.29 4858.87 4872.05 4889.4 4917.7 4925.7 4961.54 4962.43 4976.1 5003.2 5021.7 5033.9 5044.7 5059.69 5065.9 5076.25 5088.9 5103.55 5120.39 5136.08 5155.1 5183.4 5195.26 5201.21 5214.32 5245.6 5280.77 5302.57 5340.2 5370.1 5383.1 5406.34 5419.9 5424.2 5439.9 5455.0 5466.75 5473.94 5545.7 5561.9 5588.8 5594.88 5606.4 5635.2 5648.8 5659.8 5672.7 5686.2 5698.8 5714.7 5720.0 5793.5 5821.5
775.31 1577.35 1643.87 2103.89 2216.11 2342.28 2370.3 2419.52 2550.77 2630.97 2651.11 2775.93 2828.37 2875.17 2929.42 2945.8 3045.0 3113.5 3163.0 3204.46 3331.61 3336.01 3341.53 3362.24 3399.8 3709.63 3770.87 4048.3 4100.26 4268.27 4287.7 4560.1 4562.96 4596.79 4707.52 4923.46 4985.75 5020.08 5070.24 5088.2 5270.5 5438.64 5497.33 5503.5 5627.0 5693.3 5726.2 5914.97 5972.87 5977.62 5988.3 6034.4 6071.2 6231.7 6539.6 6718.5 6758.0 7000.3
28.59 411.42 982.07 991.36 1026.58 1097.835 1379.85 1482.94 1536.37 1833.92 1887.63 1894.59 1957.19 2038.86 2062.77 2104.43 2108.15 2146.99 2216.67 2298.48 2373.72 2426.36 2468.2 2735.4 2976.49 3318.4 3753.92 3992.16 4114.72 4165.88 4185.66 4232.47 4238.45 4248.8 4288.85 4319.1 4381.7 4403.0 4510.5 4516.0 4530.3 4610.7 4673.1 4707.3
707.13 1362.25 1830.5 1940.33 2103.13 2147.81 2193.1 2249.34 2318.09 2536.05 2543.7 2595.94 2685.83 2687.31 2730.76 2747.94 2780.6 2828.26 2864.15 2987.31 3140.25 3231.44 3285.1 3318.4 3372.6 3508.2 4291.0 4546.6 4785.78 5004.4 5080.0 5385.4 5683.3 5730.1
144.3 300.7 482.8 707.0 781.4 843.9 966.7 1120.2 1356.8 1419.5 1422.0 1917.0 2144.7 3675.1 3734.7 3773.8 3919.3 4153.8 4452.9
769.1 1356.4 1446.3 1804.4 2019.4 2046.6 2077.4 2153.2 2164.3 2350.8 2471.7 2587.2 2820.9 2875.3 3086.6 3114.9 3286.0 4054.5 4482.5 4511.4 5011.4 5078.8
117.45 354.85 359.46 710.1 805.4 1029.0 1325.9 1337.1
