75 94
38.0 144.0 354.0 378.0 542.0 607.0 610.0 924.0 1037.0 1125.0 1276.0 1697.0 1785.0 1858.0 2138.0 2662.0 2780.0 3179.0 3803.0 3865.0 4380.0 5092.0 5102.0 5727.0 6444.0 6539.0 7195.0 7926.0 9543.0 11309.0 13285.0
101.29 246.38 316.93 454.4 476.8 497.2 516.0 689.6 707.2 977.8 982.9 1009.8 1256.4 1275.0 1332.9 1620.1 2019.1 345.9 636.7 969.7 1362.1
144.83 146.94 307.03 331.63 368.17 614.74 788.0 804.33 833.46 943.92 1153.75 1249.0 1280.39 1541.2 1575.96 1590.39 1717.37 1882.55 2124.94 2149.5 2388.1 2390.6 2529.36 2596.78 2630.58 2668.0 2680.5 2991.4 3134.0 3229.8 3343.0 3353.7 3411.3 3674.39 3701.2 3776.2 3823.4 3894.57 4122.9 4216.7 4303.5 4329.7 4417.5 4711.6 4758.6 5006.1 5103.9 5176.4 5317.6 5345.4 5441.3 5478.5 5639.1 5681.5 5851.6 5956.4 6299.5 6525.5 6615.6 6642.5 6752.3 6806.5 6927.5 7087.1 7198.1 7358.4 7506.0 7635.0 8079.7 8168.4 8263.5 8300.5 8316.7 8519.8 8627.5 8832.1 8892.1 8954.4 9146.0 9794.0 9817.3 10096.8 10103.5 10209.6 10365.1 10774.1 10860.0 11476.0 11582.3 11869.8 12264.7 12558.6 12807.0 13551.3 13888.0 15013.0 15797.0 17485.0 18376.0
103.3 256.1 411.3 481.2 656.0 759.5 841.7 1107.1 1208.1 1613.8 2011.4 3032.0 4246.0
39.37 96.7 119.6 144.39 147.0 174.2 285.37 357.13 363.38 452.93 453.46 597.4 643.9 651.76 670.3 679.8 774.4 1024.7 1049.9 1161.3 1349.3 1353.1 1410.9 1454.4 1517.3 1817.4 1821.9 1852.1 2164.9 2297.2 2315.7 2510.2 2711.5 2767.6 3111.3 3239.2 3309.3 3457.5 3581.0 3687.4 3699.8 3878.8 4152.1 4201.9 4213.0 4686.3 4774.3 4954.3 5142.3 5463.8 6274.5 6342.4 6565.9 6900.2 7908.4 7960.8 8129.0 8369.0 9821.0 9958.0
175.3 235.9 334.5 375.9 418.2 422.7 470.1 472.5 485.7 496.0 553.7 589.2
86.31 153.481 188.228 245.271 301.24 433.7 443.387 463.0 486.68 574.728 612.1 630.59 702.16 709.2 711.93 827.7 896.2 909.09 912.9 923.02 987.0 1035.2 1061.42 1174.1 1218.9 1243.63 1305.0 1381.89 1415.6 1464.0 1513.1 1553.67 1583.7 1596.2 1738.5 1774.7 1804.35 1848.15 1919.6 1967.3 2165.4 2294.2 2395.1 2425.7 2575.0 2599.6 2607.5 2636.1 2656.1 2697.1 2710.0 2759.6 2997.6 3055.3 3068.9 3286.8 3294.6 3427.5 3496.1 3665.1 3765.2 3955.9 3992.8 4316.6 4495.7 4590.5 5061.8 5071.7 5242.7 5496.7 5644.4 5931.7 6258.9 6564.7 6682.8 6793.7 6904.3 7520.9 8194.4 8239.8 9740.4 10026.8
88.9 189.5 192.0 225.6 244.5 256.5 266.9 302.4 310.1 340.3 394.2 439.9 484.8 533.9 609.0 617.7 661.3 691.6 735.2 865.1 1282.9 1904.3
5.26 42.11 99.39 389.38 423.625 564.65 737.27 759.43 793.99 804.73 1036.42 1037.73 1044.04 1054.48 1083.33 1085.95 1096.4 1102.95 1103.29 1202.14 1243.03 1586.8 1597.71 1695.39 1748.91 1754.2 1780.6 1798.73 1807.88 1889.98 1916.21 1943.33 1951.91 2020.13 2055.93 2067.5 2074.0 2090.1 2102.4 2134.63 2146.99 2177.78 2206.6 2309.8 2313.8 2318.4 2414.5 2577.0 2597.2 2700.6 2773.6 2860.19 2959.2 3196.2 3330.61 3364.0 3537.4 3559.5 3602.3 3727.61 3766.2 3992.93 4085.8 4164.6 4436.1 4461.2 4642.9 4715.5 4963.5 5216.8 5316.2 5448.9 5578.0 5668.0 5971.8 6088.6 6250.8 6423.8 6438.8 6470.9 6669.3 6689.1 6912.8 6913.2 7167.9 7373.5 7633.6 8095.1 8193.9 8672.8 8834.3 9342.0
248.02 463.62 467.1 472.8 544.2 573.4 602.6 614.1 620.0 678.0 703.8 1157.6 1334.8 1759.4
151.161 280.986 514.0083 731.822 868.98 885.82 919.7 950.95 1175.53 1293.37 1295.94 1384.21 1445.06 1449.21 1496.29 1631.46 1668.63 1747.8 1786.93 1792.28 1802.2 1852.62 1929.7 1950.03 1999.9 2028.11 2039.5 2087.6 2202.4 2373.5 2476.77 2659.28 2685.88 2826.57 3054.56 3073.3 3491.19 3717.2 4135.54 4379.8 4757.33 5312.37 5419.42 5611.9 6336.0 7107.2
488.2 556.05 557.0 780.3 873.2 978.7 1027.2 1032.7 1092.8 1105.6 1196.4 1248.0 1305.1 1309.0 1389.4 1439.0 1470.8 1501.7 1558.5 1683.7 2416.5 3137.5 3282.0 3411.9 3578.4 3743.4 3866.1 4717.1 5293.6 5557.4 6113.6 6455.8 6799.6 7413.1 7860.1
402.587 845.44 1349.38 1389.82 1463.0 1578.01 1740.58 1950.0 2378.41 2414.46 2554.82 2811.25 2960.66 3055.15 3308.51
27.515 196.292 268.24 362.24 390.547 862.349 1141.36 1182.09 1212.578 1245.24 1352.494 1441.51 1603.83 1661.15 1714.714 1793.3 1915.52 2231.761 2392.147 2456.0 2548.42 2771.11
220.948 497.4 577.07 586.0 867.11 931.01 997.48 1195.36 1324.35 1340.06 1488.31 1530.24 1693.78 1821.69 1864.74 1998.55 2141.35 2159.98 2218.71 2269.7 2365.25 2387.98 2400.9 2598.1 2782.04 2788.73 2866.13 3017.53 3249.96 3327.93 3361.4 3370.81 3465.07 3532.88 3717.42 3719.95 3833.9 3898.8 3965.54 3977.38 4048.63 4058.5 4080.9 4143.89 4198.6 4216.9 4230.7 4307.2 4338.75 4340.5 4367.37 4404.62 4478.15 4487.8 4631.25 4686.2
106.9 121.79 227.83 242.19 356.23 536.91 614.42 661.28 676.1 712.46 740.87 838.2 933.08 1102.19 1153.41 1400.6 1462.97 1688.17 1780.01 1901.63 2127.58 2271.34 2433.59 3083.07 3093.74 3238.68 3475.6 3625.2 3703.98 3878.6 3881.3
108.789 502.04 506.592 555.55 662.42 721.67 1133.79 1136.74 1178.07 1211.1 1267.69 1304.25 1324.27 1401.83 1501.63 1547.65 1615.22 1637.07 1722.87 1775.51 1779.05 1975.2 2002.8 2037.36 2089.81 2195.79 2377.29 2381.6 2490.14 2559.45 2593.22 2686.81 2729.16 2844.57 2861.56 2919.98 2926.9 2964.14 2979.75 3002.32 3044.57 3046.23 3056.96 3090.67 3113.61 3206.19 3218.22 3325.07 3687.6 3910.11 3974.3 4072.07 4129.19 4199.5 4211.7 4543.3 4545.9 4569.7 4683.6 4698.06
142.308 316.73 333.42 484.59 492.6 548.3 623.61 728.24 868.42 920.86 928.04 1360.89 1663.54 2038.99 2079.43 2321.01 2587.39 2611.06 2718.76 2901.49 3057.29 3149.47 3338.5 3341.84 3659.8 4193.0
253.38 266.85 323.938 506.0 820.495 1350.16 1557.38 1563.02 1641.06 1642.07 1688.7 1850.18 1880.38 1964.63 2009.32 2083.86 2169.13 2210.59 2264.83 2285.74 2609.46 2664.83 2745.27 2814.98 2855.93 3002.1 3063.34 3245.14 3265.17 3280.02 3308.31 3358.75 3464.7 3493.72 3551.54 3631.4 3733.96 3777.15 3800.89 4050.67 4080.56 4861.51 5048.96 5237.64 5491.77 5496.26 5665.5 5759.7 5859.82 5920.32 5965.47 6070.5 6260.1 6572.19 6725.55
190.77 223.74 292.63 358.92 394.8 867.3 988.26
