76 102
260.9
186.0 418.0 613.0 726.0 781.0 1011.0 1052.0 1290.0 1481.0 1627.0 1884.0 1999.0 2432.0 2437.0 2891.0 2894.0 3424.0 3562.0 3950.0 4050.0 4567.0 4771.0 5152.0 5315.0 5840.0 6209.0 6518.0 6678.0 8183.0 9882.0 11797.0 13943.0
278.5 782.2 1494.6 2390.0 3447.0 4657.0 6024.0 7558.0 9251.0
159.24 177.3 329.86 381.1 499.13 649.15 914.44 982.46 1179.43 1283.3 1339.21 1729.77 1774.08 2064.93 2203.05 2728.8 2729.15 3129.2 3215.7 3832.3 3873.5 4304.4 4368.3 5086.0 5479.6 5671.4 6734.5 7139.6 8174.9
385.86 980.88 1142.4 1571.18 1663.4 1763.6 1780.5 1832.93 2295.89 2700.4 3172.5 3580.3 3601.8 3638.9 3765.7 4169.2 4301.0 4378.6 4951.9 5167.6 5273.9 5348.6 6202.5 6276.2 6468.4 6494.1 7400.7 7728.8 7750.3 7833.5 8782.4 9096.5 9328.8 10537.3 11065.1 12069.8 12922.1 13718.5 14942.9 15464.6 17095.4 3056.0 4832.0 6780.0 8897.0 11179.0 13620.0 16214.0 18958.0 21818.0 3509.0 5459.0 7551.0 9806.0 12170.0 12236.0 14745.0 3557.0 5596.0 7812.0 10202.0 12773.0 15520.0 4431.0 6890.0 9511.0 12275.0
79.23 89.05 119.76 132.2 155.21 203.39 220.82 294.9 336.22 366.5 379.25 535.8 558.2 611.57 632.6 707.0 796.5 810.7 904.6 999.9 1055.5 1109.2 1332.6 1470.5 1505.7 1739.8 1804.1 1862.2 1865.3 1910.2 2212.6 2324.4 2447.7 2739.6 2791.3 2904.0 2962.7 3145.1 3330.2 3406.6 3496.1 3713.6 3799.6 3857.6 3887.3 3977.6 4044.2 4059.0 4107.0 4143.4 4473.3 4551.4 4730.2 4752.6 4934.4 4998.2 5084.4 5102.6 5174.4 5242.3 5248.4 5264.0 5705.4 5752.7 6002.0 6068.4 6114.4 6134.2 6265.6 6357.6 6465.0 6484.2 6520.0 6792.6 6989.5 7135.7 7184.2 7402.2 7448.8 7642.1 7760.6 7860.3 7935.3 8403.5 8673.7 8771.5 8822.2 9249.6 9313.5 9405.3 9475.0 9929.5 10396.2 10483.0 10829.0 11257.3 11615.0 12114.3 12376.0 12525.0 13427.4 13487.0 14010.0 14424.0 15577.0 15924.4 16176.0 16794.0 17957.0 18720.0 2584.0 4102.0 4115.0 5780.0 5792.0 7619.0 9605.0 11743.0 14035.0 16474.0 19036.0 21694.0 24442.0 3697.0 5780.0 8018.0 10413.0 12950.0 3915.0 6117.0 8485.0 11017.0 13708.0 16553.0 4038.0 6295.0 8703.0 11244.0
573.54 1175.71 1310.89 1328.54 1688.96 1996.02 2229.47 2401.82 2525.8 2817.31 2824.4 2836.26 3006.91 3073.28 3086.23 3142.3 3242.82 3339.57 3476.96 3511.15 3525.75 3565.75 3607.94 3622.78 3686.07 4033.49 4142.6 4248.4 4350.3 4366.82 4387.09 4423.85 4472.85 4492.5 4637.34 4909.39 5237.4 5308.15 5333.8 5392.31 5427.12 5468.9 5479.09 5569.0 5738.2 5913.9 6367.2 6450.1 6543.6 6556.4 6564.8 6937.0 7066.5 7534.6 7545.5 7788.2 7812.0 7936.1 8377.6 8434.6 8842.0 9167.4 9237.8 9478.1 9842.6 10061.6 10258.8 10709.4 10872.4 11379.6 11798.4 11837.6 12758.8 13005.7 13489.4 14832.7 14910.8 15409.4 17246.9 17616.5 3026.4 4784.1 6702.7 8779.3 11007.9 13388.6 15933.2 18669.2
35.47 259.15 489.92 545.4 650.81 681.11 717.53 753.72 790.83 800.41 835.2 846.3 894.15 910.4 951.77 962.79 1092.8 1098.06 1140.71 1233.4 1239.19 1365.9 1371.98 1434.12 1447.9 1498.83 1574.7 1590.1 1604.8 1745.4 1752.6 1856.6 1882.5 1915.4 1964.1 1987.1 2017.0 2045.8 2074.0 2089.7 2107.0 2373.2 2539.4 2643.1 2847.7 2905.2 2943.9 3008.9 3046.7 3116.0 3349.3 3469.5 3525.6 3643.8 4043.5 4168.0 4195.3 4395.8 4633.5 4752.0 4947.6 5090.8 5207.7 5378.0 5394.4 5611.7 5855.1 6204.3 6427.7 6752.0 7101.7 7234.1 7739.1 7770.7 7797.1 7805.9 7853.5 8119.8 9189.1 9276.5 9289.5 9351.7 9467.7 9649.8 9781.6 10859.5 10951.5 11103.7 11461.8 11856.8 12566.5 12846.6 13425.9 14130.9 14295.9 14343.6 14898.6 15539.0 15755.0 16223.0 16611.6 18115.0 19436.0 2767.0 4379.0 6143.0 8055.0 10115.0 12318.0 14664.0 17153.0 19799.0
793.3 1454.21 1502.0 1767.92 2056.71 2298.22 2448.31 2598.72 2735.83 2769.33 2808.15 2887.8 3041.54 3098.94 3157.63 3270.84 3279.44 3332.25 3488.24 3512.9 3650.44 3680.25 3749.3 3820.0 3918.6 4029.06 4063.8 4253.9 4268.35 4370.9 4447.95 4534.45 4636.45 4746.1 5444.85 5653.56 5891.0 6069.1 6484.1 6739.2 6916.6 7374.0 8005.7 9424.0 11059.0 12924.0 15084.0
231.674 238.66 743.13 767.27 785.44 936.75 1111.3 1152.6 1220.72 1261.92 1355.06 1405.11 1453.0 1485.6 1516.8 1555.28 1559.3 1588.48 1627.05 1648.7 1657.7 1700.95 1793.6 1919.68 1982.0 2046.54 2086.13 2101.8 2123.7 2165.84 2171.96 2325.0 2351.67 2367.3 2400.3 2470.9 2533.7 2642.16 2717.6 2768.1 2781.94 2809.95 2814.4 2854.7 2975.19 2980.19 2990.7 3018.1 3027.9 3031.2 3063.2 3075.3 3081.8 3088.6 3129.0 3381.0 3396.7 3509.0 3821.5 3980.9
1076.68 1854.17 2229.74 2481.91 2642.19 2672.84 2788.5 2857.0 2878.28 2955.68 2997.36 3055.78 3185.23 3291.3 3317.62 3362.07 3482.2 3499.91 3555.78 3644.98 3665.2 3686.83 3765.69 3774.91 3831.06 3871.5 3925.97 3942.43 3968.89 3973.0 4146.18 4148.1 4206.06 4339.2 4410.7 4600.5 4708.9 4718.0 4954.0 5012.7 5425.6 5834.5 6061.1 6191.0 7821.9
388.532 873.342 1228.42 1253.947 1740.0 1770.471 1920.49 2110.061 2153.5 2169.407 2235.7 2414.52 2420.4 2536.3 2550.0 2555.0 2596.0 2676.827 2682.0 2707.5 2821.0 2831.2 2850.543 2920.8 2921.09 2940.66 3007.32 3019.174 3035.5 3047.2 3117.4 3125.27 3151.54 3155.0 3232.17 3249.4 3258.85 3277.42 3371.51 3390.9 3415.71 3425.5 3431.38 3507.12 3602.61 3607.49 3610.9 3674.06 3716.77 3718.0 3731.31 3765.59 3775.96 3872.27 3951.4 3958.612 4026.38 4056.2 4080.93 4164.894 4182.3 4196.79 4223.94 4235.61 4337.08 4435.64 4440.4 4536.66 4551.29 4604.92 4644.07 4651.31 4684.66 4783.75 4789.93 4826.89 4921.76 4953.14 4964.33 5063.08 5067.68 5082.63 5091.06 5106.58 5143.5 5207.25 5282.34 5295.99 5333.3 5378.97 5397.2 5647.35 5673.21 5811.16 5843.32 5943.19 6074.36 6093.56 6189.12 7032.58
1836.087 2734.135 3218.507 3486.56 3522.94 3584.783 3635.11 3952.638 4019.64 4035.6 4039.07 4170.425 4224.1 4227.24 4268.71 4299.66 4368.24 4413.95 4440.77 4452.02 4514.025 4514.53 4680.0 4742.56 4761.8 4845.63 4853.025 5010.66 5076.64 5092.3 5113.12 5170.2 5321.35 5424.68 5427.78 5437.4 5518.23 5655.6 5689.02 5812.07 5835.65 5951.11 5996.3 6011.14 6125.23 6215.0 6249.24 6257.87 6335.0 6507.81 6583.7 6612.79 6692.49 6807.03 6916.47 7091.0 7138.9 7207.86 7537.0 7573.15 7841.0 8047.0
1032.0 1473.35 1940.19 2007.59 2057.4 2061.5 2079.0 2280.19 2451.64 2570.1 2675.0 2707.12 2930.5 2961.9 3128.0 3227.87 3249.0 3303.1 3388.1 3390.0 3404.1 3433.06 3508.64 3524.3 3599.0 3651.71 3672.1 3699.82 3728.0 3750.7 3755.0 3845.7 3987.8 4050.0 4093.8 4208.8 4225.53 4328.8 4335.58 4445.16 4659.85 4955.54 5360.0
831.68 1655.91 1892.36 2207.02 2497.32 2527.92 2570.6 2674.0 2927.7 2971.12 3032.87 3039.26 3144.9 3383.39 3449.82 3555.8 3584.42 3627.01 3954.32 4019.4 4036.88 4037.12 4135.63 4137.6 4148.85 4335.37 4366.06 4404.62 4430.91 4580.8 4646.35 4685.6 4790.3 4804.0 4805.12 4808.52 4854.3 4919.06 4947.4 4973.99 5024.54 5026.8 5041.01 5041.44 5089.46 5187.51 5239.2 5254.32 5285.89 5333.15 5426.65 5431.1 5557.9 5600.3 5623.3 5785.1 5822.0 5827.9
93.628 439.159 993.5 1042.034 1230.84 1367.76 1482.12 1740.27 1917.09 1942.91 2064.66 2077.5 2159.08 2236.95 2657.89 3116.3 3304.4 3364.68 3395.5 3446.58 3576.0 3643.81 3693.23 3736.8 3776.62 3831.08 3839.4 3938.42 3946.3 4043.33 4078.3 4157.55 4189.39 4240.1 4249.1 4253.8 4265.5 4278.1 4327.73 4358.37 4391.0 4453.0 4625.8 4793.1 4830.6 5003.3
814.98 1384.79 1673.1 1778.33 2053.9 2088.39 2140.82 2185.5 2527.18 2765.8 2783.6 2820.9 2849.6 3786.4 4579.4 4637.8 5053.8 5738.4 5893.5 5901.1 6003.5 6030.0 6116.1 6949.1 7363.0
213.431 432.604 986.12 1142.55 1148.2 1238.24 1385.3 1529.32 1562.95 1779.79 1808.48 1869.64 1910.86 2045.57 2054.02 2117.45 2141.07 2273.0 2292.88 2319.1 2351.51 2456.44 2459.73 2553.8 2621.39 2737.44 2770.69 2773.98 2782.2 2869.06 2886.45 2979.9 3198.13 3233.01 3256.4 3404.4 3603.17 3623.68 3789.19 3803.73 3847.62 3866.86 3867.4 3876.72 3890.64 3934.66 3954.93 4017.6 4037.88 4041.9 4097.43 4336.11 4461.12 4509.26 4577.6 4620.2 4714.64 4790.37 4913.08 4991.28 5012.23 5384.61 5395.5 5413.6 5601.3 5631.38 5775.5 6000.5 6096.7 6260.72 6272.69 6277.4 6707.42
836.91 1682.0 1926.28 2055.0 2146.0 2271.22 2414.11 2603.94 2614.1 2649.78 2703.94 2710.6 2739.19 2851.27 2856.89 2921.8 2929.81 2965.0 2972.07 2981.1 3047.38 3077.7 3262.34 3310.73 3338.42 3340.9 3438.61 3485.41 3580.35 3724.7 3768.9 3815.7 3948.63 3953.3 3968.9 3982.5 4024.2 4066.4 4087.1 4117.4 4142.5 4168.2 4198.49 4211.0 4268.4 4281.65 4308.4 4361.0 4366.8 4481.1 4653.5 4673.7 4838.4 5213.0 5223.2 5267.3 5289.1 5312.9 5402.4 5735.4 5828.2 5831.1 6063.7
352.02 556.07 680.7 1003.7 1012.25 1121.01 1238.91 1247.24 1259.66 1439.3 1743.53 1750.86 1843.73 1860.46 1864.18 1948.5 1974.95 2013.33 2076.5 2098.91 2236.0 2246.9 2264.62 2368.2 2394.39 2430.07 2827.92 2967.7 2974.38 3206.52 3366.63 3449.53 3463.66 3479.09 3532.41 3584.17 3587.6 3591.35 3597.87 3605.67 3612.33 3624.7 3635.63 3708.64 3712.1 3801.79 3940.3 3986.3 4163.6 4230.5 4247.9 4278.5 4292.4 4312.4 4570.7 4661.2
814.93 1229.28 1464.6 1506.85 1628.21 1793.16 1852.08 1975.74 1994.98 2083.99 2113.52 2120.04 2150.85 2217.27 2269.54 2307.5 2407.39 2412.0 2443.65 2493.05 2527.81 2576.25 2703.74 2719.67 2880.5 3064.78 3195.77 3244.9 3446.3 3755.4 4048.7 4322.6 4799.4 5049.4 5090.9 5132.8 5158.9 5168.8 5349.3
167.13 308.13 312.0 522.49 585.06 600.48 644.73 687.09 713.82 755.37 768.7 771.5 822.42 830.8 916.44 985.49 1095.5 1320.7 1374.67 1507.3 2854.9
144.225 215.09 433.75 867.1 871.31 1224.2 1433.3 1539.4 1600.01 1837.56 1964.26 1978.2 2122.8 2130.8 2144.6 2205.8 2230.9 2316.0 2935.5 3290.7 3444.3 3464.4 3625.4
90.8 216.0 377.4 422.3 534.4 684.4 854.6 993.9 1071.9 1106.1 1151.5 1663.9 1669.6 1971.9 2320.8
129.7 417.3 852.1 1415.0 1419.3 1501.0 1619.0 1780.0 2110.1
111.6 271.1 363.2 363.9 595.9 1362.9
126.0
