81 102
113.44 149.67 268.74 288.65 343.59 536.94 607.71 663.7 683.37 825.55 839.22 1107.42 1167.22 1250.0 1482.61 1530.11 1550.2 1653.28 1751.6 1782.6 1951.88 1993.4 2373.5 2415.7 2513.2 2594.5 2686.7 2860.5 2866.1 2917.4 3342.4 3360.6 3413.1 3559.6 3738.8 3745.9 3894.4 3913.9 3992.1 4182.9 4439.9 4552.0 4701.1 4716.5 5032.0 5089.8 5138.0 5212.8 5270.9 5499.7 5664.1 5744.2 5753.2 5836.4 6046.1 6386.4 6469.7 6509.1 6629.2 6672.7 6893.0 6911.4 6951.0 7090.0 7315.2 7511.7 7710.6 7864.2 7892.1 7928.4 7947.7 8079.6 8096.7 8160.0 8275.8 8504.7 8519.5 8583.6 8917.8 9167.5 9323.0 9594.2 9807.7 9818.0 9981.0 10063.2 10193.0 10777.0 10884.0 11234.0 11520.0 11545.0 11616.0 12014.0 12570.0 12579.0 13088.0 13282.0 13423.0 14099.0 14483.0 14805.0 15248.0 15523.0 15572.0 16440.0 16785.0 17669.0 2659.6 4261.5 6034.0 8004.0
142.34 250.19 313.69 337.0 401.1 402.64 405.79 473.89 507.52 511.9 586.65 594.71 677.98 718.87 751.5 818.26 957.0 1146.95 1163.43 1272.27 1284.12 1506.8 1557.2 1589.74 1687.79 1960.07 1963.7 2061.57 2379.1 2602.2 2651.21 2970.9 3026.2 3675.0 3904.02 4142.7 4150.2 4886.0 5250.0 5414.6 5456.3 6222.7 6672.1 6777.4 6914.5 7591.2 8187.7 8194.2 8515.9 9680.0 9861.0 10267.3 11712.8 12219.4 13785.5 14416.2 3061.0 4835.0 6771.0 8870.0 11133.0 13554.0 16136.0 18891.0
61.98 97.1 117.54 145.0 166.98 331.7 421.76 436.53 537.15 564.55 565.5 570.6 594.98 642.6 722.28 736.64 813.99 855.6 882.5 1137.4 1223.69 1249.62 1406.5 1532.03 1566.18 1708.5 1848.9 1955.6 2010.61 2083.12 2136.99 2145.1 2259.9 2371.05 2405.85 2429.5 2551.9 2559.55 2738.1 2822.74 2887.84 2937.6 3308.14 3314.57 3397.1 3420.1 3450.6 3731.3 3830.34 3916.9 4177.2 4340.6 4385.8 4421.9 4472.8 4488.1 4643.6 4796.3 4992.3 5176.6 5244.0 5346.6 5502.3 5562.3 5565.0 5669.0 5747.5 5950.3 5983.5 6334.4 6676.5 6780.9 6782.3 7179.0 7238.5 7450.8 7468.3 7819.4 7921.2 8070.3 8108.9 8442.1 8709.2 8712.9 9072.3 9334.4 9597.9 9639.9 10001.4 10360.4 10396.0 10452.0 10826.2 10929.0 11267.0 12245.3 12728.3 12792.0 13024.0 13038.0 14029.7 14769.0 14886.0 14951.0 17105.0 19470.0 3880.0 6010.0 8290.0 10720.0 13300.0 16010.0
156.7 162.88 216.11 419.79 564.7 668.81 743.98 936.22 1070.62 1211.61 1591.59 1603.21 1644.13 2076.75 2123.15 2132.71 2196.36 2244.74 2285.26 2528.98 2608.17 2741.15 2888.55 3222.33 3400.8 3502.59 3592.7 3872.3 3903.4 4019.61 4024.4 4235.4 4500.4 4746.7 4969.4 5005.4 5445.4 5700.4 6281.4 6591.4 7001.4 7096.4 7717.4 8330.5 8632.5 10120.0 10329.5 12080.0 13890.0 15770.0 17800.0
19.8 266.3 416.36 436.1 474.0 636.7 793.9 814.8 1010.6 1179.6 1218.2 1274.1 1310.8 1393.3 1422.9 1607.9 1648.5 1797.6 1893.1 2204.2 2259.6 2303.2 2350.2 2429.3 2507.0 2649.8 2745.7 2925.7 2990.4 3018.8 3304.4 3391.5 3672.4 4004.6 4079.6 4360.9 4601.9 4913.3 4983.3 5020.4 5436.5
208.1 218.3 242.8 271.9 302.2 883.9 886.3 1078.9 1325.39 2258.4 2521.3 3189.3 3877.3 4191.5
380.79 793.6 981.0 1153.2 1178.0 1202.51 1404.4 1405.2 1590.7 1608.6 1623.1 1629.4 1704.2 1757.0 1801.0 1851.0 1988.0 2007.91 2037.7 2072.7 2072.8 2085.0 2111.1 2158.9 2185.0 2201.7 2207.6 2210.4 2241.7 2244.2 2278.0 2287.0 2354.5 2366.8 2409.0 2428.0 2553.1 2563.9 2602.1 2648.7 2675.9 2812.2 2827.1 2961.3 2986.9 2995.4 2996.2 3094.4 3262.8 3401.61 3553.4 3595.1 3595.3 3765.8 4040.2 4214.9
231.928 392.86 674.55 706.72 715.16 766.4 843.18 984.83 1088.21 1129.13 1221.26 1234.0 1262.0 1275.3 1283.95 1320.14 1461.6 1477.2 1570.8 1575.43 1595.9 1702.73 1761.0 1832.0 2312.51 2444.07 3207.0 3256.76 3652.38 3964.12 4177.89 4823.9 5558.1
908.97 1507.41 1744.74 2222.43 2529.8 2566.55 2622.1 2871.7 2881.53 2892.98 3067.76 3107.26 3138.9 3247.6 3343.44 3396.1 3410.7 3445.3 3451.3 3480.3 3503.6 3515.9 3557.4 3621.1 3630.3 3660.0 3715.3 3747.7 3752.9 3848.3 3862.4 3898.6 3976.8 3992.1 4015.3 4022.96 4069.9 4104.9 4132.22 4171.31 4188.1 4230.4 4250.0 4254.4 4309.3 4334.1 4354.7 4408.4 4449.75 4457.6 4476.3 4529.3 4537.5 4616.8 4825.38 4838.59 4920.46 4991.0 5083.7 5152.1 5167.0 5263.88 5309.83 5412.1 5418.68 5624.81 5652.7 5792.7 5879.4 5909.8 5921.7 6121.5 6158.9 6198.9 6201.9 6206.8 6273.76 6296.1 6329.9 6357.8 6396.1 6439.2 6472.8 6491.1 6529.4 6588.9 6605.0 6674.4 7183.7 7193.8 7259.5 7431.6 7590.0 7834.6 8264.2 8664.0 8720.4 10937.0
202.501 681.67 776.599 953.518 1046.87 1189.69 1211.59 1298.2 1371.14 1416.59 1571.67 1640.92 1760.99 1811.02 1815.15 1962.1 2085.7 2133.51 2196.12 2216.76 2240.5 2244.31 2365.98 2455.26 2475.94 2495.49 2504.63 2624.01 2631.94 2663.28 2719.37 2745.9 2749.25 2758.08 2838.32 2847.42 2859.36 2938.0 2986.11 2992.36 3002.3 3002.69 3043.49 3048.2 3097.55 3143.85 3160.22 3312.42 3404.87 3469.1 3476.06 3555.72 3574.51 3602.1 3627.7 3685.23 3692.32 3934.48 3953.55 4037.56 4100.52 4161.32 4210.82 4212.73 4267.38 4325.07 4451.58 4515.95 4518.83 4529.66 4533.14 4835.07
555.58 653.02 925.74 1186.88 1305.39 1473.69 1545.9 1579.93 1980.41 2066.62 2129.1 2206.76 2279.34 2412.15 2572.13
241.56 430.51 892.56 1383.9
590.219 758.719 875.85 1135.99 1277.94 1300.521 1308.56 1542.73 1646.98 1695.91 1786.47 1852.67 1911.46 2056.57 2091.35 2093.25 2129.11 2355.58 2364.88 2543.93 2569.95 2575.04 2653.91 2687.55 2769.99 2778.06 2783.54 2820.65 2886.52 3007.05 3116.05 3824.5 3871.31 3894.9
621.7 723.8 906.91 1427.71 1437.01 2182.42 2373.02 2969.93
685.8 826.9 1087.5 1630.9 1889.8 1963.4 2021.0 2046.6 2207.6 2408.5 2557.5 2614.6 2684.0 2717.2 2781.8 2933.3 3116.8 3352.9 3391.8 3507.4 3576.6 3616.1 3651.3 3743.3 3943.5 4075.1 4160.7 4190.4 4214.3 4268.1 4348.3 4360.3 4420.5 4563.4
122.297 652.29 718.7 931.7 1287.89 1983.58
667.51 697.31 953.82 1319.54 1336.6 1428.1 1526.6 1613.8 1657.6 1738.7 1799.6 1848.23 1904.87 2116.7 2121.19 2211.92 2287.4 2435.9 2558.6 2569.1 2749.1 2965.8 3361.1 3523.3
119.353 170.87 358.15 374.8 446.0 495.8 547.75 563.97 586.2 595.7 596.4 600.32 601.96 666.27 712.6 726.2 824.29 883.9 907.6 986.28 1069.7 1180.5 1199.5 1347.8 1465.5
125.122 283.73 482.21 487.28 536.19 599.99 624.38 656.87 706.09 817.6 975.7 1009.0 1011.76 1119.6 1191.63 1197.94 1213.07 1220.66 1259.2 1402.09 1411.69 1595.45 1654.74 1868.74 1930.73 2113.94 2141.65 2205.9 2239.39 2245.32 2276.11 2279.71 2314.93
10.7 76.15 99.16 172.03 194.98 309.83 355.75 376.07 483.58 698.71 734.03 776.24 827.97 849.45 860.6 861.19 974.6 1045.7 1146.33 1149.46 1340.74 1379.16 1389.85 1412.14 1699.99
128.31 291.66 494.29 510.75 590.45 666.61 714.44 724.9 822.48 872.87 890.64 996.82 1012.97 1027.31 1124.85 1191.38 1211.3 1217.31 1233.77 1258.79 1297.59 1410.82 1418.21 1479.06 1517.96 1685.35 1762.33 1871.91 2259.3 2660.95 2675.11 2680.1 2693.66 2695.93
93.8 208.23 243.85 311.7 497.81 645.4 898.63 1347.92 1689.58
