80 104
289.9 827.9
143.0 167.3 303.3 405.4 697.9 737.4 979.8 1065.5 1466.8 1865.8 1960.1 2455.6 2931.7
407.3 1041.9 1449.3 1889.6 2175.3 2910.7 3069.3 4040.1 5217.3 6495.2 7862.3 9237.0 10829.0
52.72 77.04 129.1 138.8 328.5 338.5 372.6 580.0 582.7 623.9 680.3 769.0 880.3 983.2 1013.4 1262.2 1345.8 1384.2 1475.8 1591.3 1662.9 1733.7 1771.4 1817.4 1830.0 2021.3 2126.2 2159.7 2258.3 2359.6 2398.3 2494.6 2674.9 2708.4 2743.1 2913.0 2926.0 3095.5 3138.0 3304.9 3374.2 3587.0 3625.3 3689.0 3726.1 3730.9 3955.3 3981.7 4092.0 4188.0 4283.0 4431.4 4469.7 4767.0 4839.1 4904.3 4943.7 5348.0 5460.4 5626.0 5645.0 5934.0 6022.0 6028.0 6074.0 6570.0 6949.0 7195.0 7235.0 7325.0 7380.0 7628.0 7817.0 8275.0 8586.0 8611.0 8758.0 8812.0 9229.0 9689.0 10137.0 10224.0 10310.0 10516.0 10810.0 11786.0 12080.0 12087.0 12433.0 12582.0 14510.0 16736.0 19217.0 1385.0 2397.0 3589.0 3939.0 4365.0 2912.0 2996.0 4550.0 6299.0 8207.0 10280.0 12521.0 14932.0 17517.0 20278.0 23216.0 3070.0 4863.0 6825.0 8957.0 11258.0 13723.0 16346.0
540.0 1119.1 1263.0 1575.2 2136.2 2335.6 2810.2 2825.1 3081.2 3088.1 3203.8 3313.3 3493.3 4036.1 4067.3 4138.9 4378.4 4585.6 4868.3 5134.5 5152.9 5315.9 5613.9 5783.9 6251.0 6300.3 6324.1 6642.2 6794.9 7299.5 7411.4 7496.5 7928.0 8498.5 8608.3 8742.7 9194.0 9920.5 9936.4 10174.7 10594.9 11413.4 11555.5 11820.0 12161.9 13078.5 13665.0 13969.9 14938.5 15660.1 15947.1 16056.0 17806.1 18032.1 18461.0 20283.1 20618.1 23235.2 3189.0 4997.0 6956.0 9070.0 11342.0 13777.0 16376.0 19137.0

751.75 1421.77 1666.57 2041.9 2343.74 2566.1 2669.88 2704.9 2705.62 3016.87 3029.49 3029.64 3254.38 3271.97 3298.44 3417.65 3423.32 3532.64 3646.36 3792.59 4133.68 4326.12 4418.56 4429.35 4637.0 4697.0 5067.0 5233.55 5388.7 5396.4 5524.3 5646.5 5974.74 6232.28 6286.0 6321.08 6339.9 6462.0 6752.4 6794.0 7015.33 7061.0 7345.0 7396.46 7470.0 7640.0 7954.0 8145.0 8212.0 8248.7 8575.0 8650.0 8671.0 9373.0 9533.0 9653.0 9880.0 9891.9 10142.9 10207.0 10795.0 10918.0 11175.0 11176.0 11232.0 11756.0 12060.9 12359.0 12606.0 12741.0 14149.0 14164.0 14377.0 16050.0 16617.0 18063.0 20532.0 3164.0 4949.0 6878.0 8955.0 11183.0 13566.0 16106.0 18802.0 3307.0 5198.0 7254.0 9481.0 11874.0 14388.0 16950.0 19658.0 3825.0 5887.0 8042.0 10286.0 12629.0 15058.0 3459.0 5426.0 7549.0 9822.0 12225.0 14716.0
200.93 335.73 470.63 523.73 589.63 801.29 817.47 931.53 1069.4 1087.38 1124.9 1284.0 1505.5 1656.9 1665.0 1691.3 1746.0 1884.3 1949.7 2059.3 2069.4 2073.7 2201.9 2245.4 2312.5 2354.4 2467.0 2598.3 2893.8 2986.0 3053.4 3236.5 3365.3 3380.0 3942.1 4127.4 4331.7 4529.3
1057.03 1521.4 1817.86 2139.59 2455.88 2539.0 2605.21 2673.7 2801.13 2810.8 2887.79 2989.67 2998.4 3032.77 3213.7 3223.8 3277.01 3374.37 3390.7 3426.47 3483.61 3568.18 3617.44 3637.76 3875.04 3938.28 3947.59 3968.2 4024.9 4059.22 4084.23 4112.38 4155.5 4206.1 4208.17 4237.0 4307.9 4335.6 4348.3 4388.34 4413.06 4461.87 4486.29 4612.27 4672.7 4713.06 4797.61 4934.5 5087.9 5166.2 5229.46 5583.84 5666.0 5787.2 5950.83 6000.8 6032.51 6192.93 6238.88 6501.4 6578.3 6765.32 6826.7 7228.2 7431.9 7536.5 7878.9 8200.2 8925.1 9912.6 10557.3 11199.7
587.82 1094.9 1451.3 1511.8 1627.29 1742.6 1833.7 1864.6 1943.72 2086.0 2099.9 2101.4 2121.34 2128.6 2132.3 2150.62 2159.01 2220.0 2297.8 2388.6 2454.4 2567.3 2572.4 2612.1 2724.07 2730.0 2755.0 2830.1 2889.6 2926.0 2926.52 2959.8 2981.1 2995.3 3016.1 3092.69 3111.18 3141.3 3281.0 3467.0 3512.8 3531.1 3534.1 3557.3 3575.8 3576.2 3716.9 3837.1 3907.1 3931.1 3948.1 3965.6 4277.3 4523.5 4735.4 5377.8
1760.71 2186.274 2319.0 2739.3 2747.876 3076.927 3308.8 3448.232 3589.419 3842.2 4232.22 4237.9 4375.07 4541.37 4580.1 4640.95 5059.975 5164.487 5247.53 5275.2 5304.0 5432.791 5504.2 5644.03 5792.06 5808.0 5887.0 6279.73 6296.0 6376.14 6390.0 6425.0 6640.1 6721.13 6762.0 6769.54 6876.0 6953.96 7008.64 7025.64 7194.4 7223.91 7250.0 7437.84 7649.6 7706.0 8058.43 8110.0 8131.0 8500.0 8717.0 8958.14 9146.0 9195.0 9333.0 9678.0 9836.03 10040.0 10125.85 10764.9 11403.9 12110.7 12219.4 12964.7 13110.0
1204.78 1466.5 1882.2 2042.35 2131.49 2170.15 2189.5 2200.5 2259.92 2287.8 2320.5 2356.4 2366.56 2394.9 2534.7 2557.8 2577.9 2640.1 2693.7 2764.6 2775.2 2791.46 2810.9 2826.0 2835.7 2857.06 2871.0 2902.3 2914.2 2928.4 2992.1 3007.7 3017.1 3083.4 3107.9 3146.9 3167.3 3234.8 3276.6 3290.4 3331.1 3475.0 3477.0 3576.1 3681.0 3704.0 3984.3 4162.5 4180.0 4319.9 4685.0
934.47 1382.81 1495.46 1847.28 2066.68 2339.72 2398.31 2473.4 2486.02 2743.58 2819.62 2863.35 2903.5 2909.46 2957.7 3039.69 3057.8 3124.5 3178.25 3191.5 3236.9 3262.62 3275.87 3289.2 3309.0 3371.51 3379.8 3408.3 3452.17 3471.74 3500.38 3628.28 3640.21 3648.99 3819.4 3830.27 3998.8 4296.9 4947.5 6045.8 7446.1 8039.1 9127.5
266.88 947.14 1168.6 1425.41 1450.45 1470.15 1909.56 1918.56 2094.69 2184.62 2457.65 2473.84 2531.4 3274.4
918.75 1300.19 1469.62 1671.4 2057.64 2151.31 2330.2 2366.12 2507.7 2604.5 2698.5 2826.0 2846.3 2860.6 2888.2 2908.04 2945.0 3059.4 3156.4 3219.43 3361.15 3724.9 3961.8 4002.2 4052.4 4098.5 4198.8 4237.6 4637.9 4669.8
953.95 1323.77 1618.26 1721.67 1892.67 1903.94 1940.25 1955.92 2254.1 2372.24 3117.5 3129.53 3249.2 3451.11 3575.85 3586.28 3684.88 3887.0 3926.1 4070.5
1581.65 1750.498 1897.157 2225.845 2438.747 2668.82 2695.18 2781.6 2857.372 2925.55 3082.36 3119.86 3150.28 3176.43 3211.84 3243.61 3248.63 3309.19 3363.3 3448.72 3450.16 3472.14 3483.44 3509.16 3556.18 3577.63 3602.17 3620.73 3700.68 3749.38 3772.2 3857.48 3865.16 3924.6 3947.19 4014.07 4024.4 4037.89 4126.3 4132.4 4234.7 4258.0 4261.3 4389.5 4512.5 4570.1 4689.7 4737.5 4751.5 4757.2 4837.75 4845.4 4881.8 4895.2 4906.9 4914.0 4929.1 5066.2 5117.8 5196.6 5228.5 5235.3 5272.0 5312.5 5408.3 5443.1 5502.0 5507.6 5538.9 5551.6 5573.9 5601.5 5625.9 5628.9 5652.9 5701.3 5719.1 5741.5 5783.1 5804.5 5838.3 5847.5 5899.8 5914.5 5934.6 6141.8 6231.6
1103.1 1264.41 1399.98 1807.07 1859.11 1996.54 2057.3 2234.37 2263.8 2508.5 2742.97 3287.66 3401.4 3549.6
854.02 1222.92 1436.08 1590.67 1744.19 1806.2 1843.45 1859.26 2047.6 2276.9 2478.8 2491.02 2796.7 2800.4 3064.3 3117.4 3216.7 3338.3 3506.9 3576.4 3592.7 3812.6 3894.4 3986.5 4164.6 4278.1 4292.2 4450.6 4546.2 4756.4 4823.5 5591.6 6543.6
121.761 251.962 575.5 614.2 657.8 667.4 724.3 755.0 761.5 782.0 791.3 850.4 851.9 884.9 958.3 973.2 1005.1 1023.2 1051.0 1064.5 1078.9 1146.1 1153.9 1230.7 1432.4 1587.6 1716.1 1834.6 2078.8 2400.1 2447.6
212.53 331.13 564.486 829.2 878.58 1061.4 1196.16 1294.85 1414.3 1427.8 1441.44 1687.4 1807.6 1855.6 1911.1 1938.13 1961.3 2182.92 2259.0 2425.5 2467.4 2478.6 2577.4 2692.76 2727.35 2729.0 2754.2 2770.66 2846.26 2932.02 3012.6 3021.7 3069.73 3272.1 3327.3 3571.8 3671.4 3956.7 4208.5 4288.3
98.17 216.67 231.79 321.11 408.26 467.79 610.43 620.01 673.52 744.01 759.49 786.66 808.46 827.79 845.19 858.24 869.86 880.37 902.49 958.76 1038.4 1047.99 1120.54 1297.9 1398.55 1432.4 1436.5 1529.93 1617.0 2023.17 2082.8
151.78 478.28 894.79 964.78 1036.3 1159.5 1211.05 1242.3 1386.7 1538.1 1594.9 1620.8 1652.8 1661.8 1793.3 1821.1 1822.5 1829.4 1920.7 1980.8 2092.8 2175.0 2184.0 2351.5 2403.0 2665.8 2924.7 2961.4 3212.3
109.4 256.0 258.9 357.1 428.0 657.3 882.2
140.3 452.8 926.5 1551.3
