83 105
130.0 230.0 252.0 382.0 644.0 712.0 875.0 1723.0
295.0 631.0 1137.0 1421.0 2204.0 2416.0 3474.0 3581.0 4901.0 6335.0 586.0 930.0 1428.0 1784.0 2416.0 2777.0 3435.0 3750.0

26.3 49.8 97.1 236.8 274.4 494.3 724.7 887.7 1134.1 1283.8 1498.4 1601.1 1710.7 2026.3 2209.6 2211.5 2454.8 2599.1 2683.9 2779.5 3065.4 3302.2 3377.5 3468.2 3687.4 3902.4 3987.4 4070.0 4317.9 4370.4 4777.2 4840.6 5027.5 5153.2 5274.1 5307.8 5441.9 5504.3 5532.9 5605.5 6035.4 6361.5 6479.3 6644.9 6722.1 6807.7 6957.6 6972.6 7460.7 7665.2 7819.3 7906.2 7965.5 8214.1 8270.1 8429.0 8603.0 9064.8 9381.7 9649.0 9728.5 9774.0 10052.4 10430.0 10866.5 11283.0 11456.9 12013.0 12407.0 12886.0 13416.0 13509.0 13568.0 15095.0 15662.0 18058.0 20786.0
134.9 457.9 720.4 780.2 1054.0 1239.0 1350.0 1366.0 1505.0 1534.0 1632.0 1732.0 1834.0 1904.0 2408.0 2409.0 2438.0 2486.0 2711.0 2747.0 2941.0 2977.0 3002.0 3111.0 3158.0 3331.0 3440.0 3599.0 3857.0 3882.0 3961.0 3989.0 4000.0 4251.0 4571.0 4581.0 5334.0 6168.0 6603.0 7411.0 7857.0 2679.0 4251.0 5970.0 7849.0 9894.0 12110.0 14505.0 17090.0 3134.0 3378.0 4924.0 5035.0 6795.0 6916.0 8759.0 8994.0 10876.0 11170.0 13150.0 13438.0 15582.0 15831.0 18169.0 18374.0 3563.0 5604.0 7815.0 10199.0 12736.0
79.8 170.5 1089.51 2006.6 2077.6
658.6 838.0 844.0 1003.41 1155.3 1272.0 1640.2 1694.0 1789.6 1935.29 2136.4 2151.56 2191.5 2192.92 2221.0 2420.0 2517.8 2522.98 2728.1 2935.0 2955.7 3135.2 3141.94 3402.99 3805.68 4076.02 4553.6 4797.2 4808.7 4908.5 5041.3 5324.1 5407.3 5697.7 5917.0 6100.2 6131.5 6451.8 6547.5 6658.3 6949.6 7272.6
122.37 124.67 171.1 285.3 328.0 362.4 382.01 651.19 812.9 822.6 827.4 847.7 854.32 1128.2 1195.2 1279.7 1344.1 1362.7 1372.1 1414.2 1433.3 1630.7 1646.7 1769.1 1809.11 1815.7 1835.7 1844.8 1880.21 1971.7 1985.61 1990.4 2125.6 2309.0 2487.3 3071.8
104.6 1186.88 1312.72 1580.98 1612.66 1637.01 1790.62 1844.92 1963.11 1984.24 2034.35 2120.84 2170.0 2290.79 2324.54 2330.03 2345.36 2390.01 2413.48 2531.2 2579.55 2612.6 2631.97 2660.19 2792.54 2881.9 2911.8 2969.9 2991.3 3028.23 3065.6 3110.19 3126.02 3149.17 3179.65 3187.5 3273.5 3328.7 3370.1 3434.4 3461.6 3466.84 3562.1 3634.6 3697.2 3837.7 3886.8 3916.8 4023.5 4097.13 4180.7 4237.1 4351.43 4772.5 4852.7 5181.9 5270.4 5349.7 5455.4 5792.3 6009.5
225.7 285.7 357.49 389.7 480.3 501.23 975.0 1089.4 1149.9 1310.7 1323.8 1345.6 1406.2 1410.2 1415.0 1422.6 1467.9 1472.7 1481.3 1553.8 1565.7 1632.7 1642.0 1650.2 1666.6 1678.1 1738.1 1768.1 1945.3 2087.5 2203.3 2235.7 2287.1 2998.2 3325.9 3796.9
30.77 687.09 743.86 808.49 810.25 949.82 978.91 1082.57 1126.76 1284.4 1297.15 1315.15 1335.16 1369.7 1395.1 1454.2 1483.0 1491.04 1499.7 1603.16 1603.8 1665.3 1679.1 1682.6 1686.2 1693.9 1772.6 1779.5 1784.3 1812.7 1908.1 1910.5 1915.9 1948.0 1949.6 1949.7 1968.5 1968.66 2002.4 2019.7 2037.0 2098.8 2132.6 2153.7 2162.6 2171.46 2180.12 2203.3 2280.6 2330.0 2367.5 2583.9 2752.9 2833.0 4105.0 5145.0 5905.0 6463.8
40.902 58.697 78.6681 113.4007 140.308 301.571 311.812 334.104 396.255 450.219 631.521 640.989 666.21 785.9 792.57 816.95 895.661 924.52 932.69 935.17 957.43 970.32 976.8 979.38 1011.1 1023.41 1030.192 1060.36 1086.124 1158.77 1163.2 1169.55 1179.16 1182.4 1230.14 1231.98 1247.29 1256.96 1262.97 1273.15 1281.33 1321.13 1332.53 1347.34 1518.73 1655.13 1731.31 1780.29 1815.26 1858.48 2034.09 2282.34 2352.83 2399.84 2445.3
235.69 724.195 756.728
44.19 146.1 184.58 511.87 634.95 694.63 867.88 1002.66 1045.42 1140.77 1156.19 1242.34 1258.27 1270.18 1325.59 1346.35 1368.45 1498.56 1519.97 1614.65
743.35 1147.96 1251.01 1276.09 1433.92 1548.37 1652.83 1750.43 1764.41 1851.71 1958.4 2105.91 2247.47

365.29 387.4 469.141 544.26 930.89 959.33 1015.27 1976.3
400.48 498.0 504.25 653.9 695.0 703.6
119.41 205.28 208.36 255.24 346.08 373.99 532.1 532.2 593.4 597.9 673.2 702.6 722.2 729.3 777.8 783.1 878.96 899.45 912.04 921.6 952.77 1061.35 1093.3 1109.44 1119.43 1126.21 1180.28 1294.2 1620.1 1844.3 1878.12 1925.43 1929.53 1957.87 2009.66 2030.8 2096.1 2118.7
20.49 64.41 93.98 156.58 161.31 246.88 258.59 431.41 599.63 603.88 705.53 940.91 1264.83
126.45 164.04 247.78 285.46 314.6 367.88 502.47 503.8 533.66 580.06 620.03 721.1 729.9 733.15 763.18 767.88 856.11 908.01 977.23 982.0 988.4 1022.8 1081.33 1216.38 1285.8 1287.3 1472.47 1526.44 1606.7 1643.07 1660.5 1671.59 1701.28 1759.62 1961.5 1969.1 2336.3 2374.28 2387.86 2390.5 2723.0 2750.6 3153.3 3607.5
8.7 37.5 109.6 250.6 311.8 320.1 370.0 514.3
127.9 290.2 511.0 734.6 1045.6
