86 109
566.6 1327.5 2128.6 2260.0 2717.9 2959.6 3232.7 3306.6 3589.0 3748.6 4153.3 4186.5 4450.0 4660.6 5166.3 5255.5 5686.6 6194.7 6272.5 6383.9 6410.5 6758.0 6874.0 7114.9 7841.0 7974.1 8178.9 9465.9 10989.0 12766.0

740.53 1654.76 2100.7 2626.8 2646.4 3213.0 3349.8 3484.7 4195.2 4313.8 4358.2 4448.2 5052.5 5153.4 5272.4 5959.3 5969.7 6207.0 6549.5 6868.2 6944.8 6948.8 7322.9 7765.7 7848.4 8127.4 8267.4 8609.4 8968.0 9336.5 9460.8 9835.4 2580.5 4061.2 5694.9 7490.0 9452.4 11586.6 13892.1 3053.8 4797.1 6692.6 8743.4 10972.0 2644.0 4165.3 5836.3 7652.6 9623.7 11758.3 14056.4
118.8 387.5 1000.7 1016.4 1645.8 2008.4 2096.4 2271.2 2415.8 2454.5 2583.7 3134.0 3151.1 3558.4 3701.8 3716.7 4069.0 4260.6 4575.4 4649.1 4980.7 5170.9 5251.0 5420.0 5643.0 6436.4 6470.6 6755.9 7590.1
947.97 1896.48 2002.06 2432.58 2548.75 2811.63 2859.14 2874.73 2901.18 2946.82 3037.9 3106.11 3150.3 3294.03 3367.31 3446.15 3539.9 3659.65 4078.81 4094.8 4175.9 4192.44 4297.66 4357.7 4555.76 4594.17 4789.28 4841.91 4895.04 5377.13 5499.31 5624.9 5699.56 5863.64 5903.64 6064.8 6148.08 6475.81 6643.02 6746.0 7170.86 7385.49 7514.91 7629.5 8066.66 8123.45 8281.76 8525.17 8616.74 8678.34 9079.09 9136.49 9318.91 9443.78 9739.27 9787.84 9994.94 10235.0 10477.23 10537.81 10855.48 11135.63 11269.2 11576.94 12016.46 12257.6 12383.5 14279.7 14412.0 14486.5
653.01 1156.1 1362.01 1414.11 1531.9 1564.92 1605.32 1639.95 1902.49 2067.91 2083.66 2233.69 2267.4 2279.6 2450.99 2492.16 2690.44 2716.44 2781.12 2887.5 2940.1 3545.5 3809.7 4341.9 4445.1 4952.6 4958.8 5243.3 5299.0 5488.4 5817.8 6232.7 6469.1
1509.51 2282.57 2519.6 2526.86 2612.31 2634.2 2760.46 2838.6 2849.85 2922.6 3006.87 3063.86 3091.44 3368.55 3384.5 3542.27 3579.78 3620.97 3624.46 3651.8 3688.69 3753.2 3756.99 3814.58 3841.76 3871.5 3876.52 3926.13 3944.71 3953.1 3963.13 3964.3 4019.22 4115.69 4147.9 4150.25 4159.37 4187.14 4241.19 4251.3 4252.72 4280.59 4307.56 4315.8 4328.5 4345.83 4429.5 4436.19 4455.15 4478.14 4483.25 4486.2 4493.93 4509.6 4544.36 4573.3 4589.7 4633.8 4652.7 4663.2 4685.0 4702.68 4725.3 4734.2 4781.51 4893.3 4917.8 4936.1 4944.7 4949.0 4971.3 5003.6 5076.6 5121.9 5151.5 5283.0 5312.5 5331.7 5451.6 5462.8 5527.4 5623.8 5629.9 5703.4 5789.1 5801.3 5841.7 5862.2 5981.4 6125.92 6184.3 6191.52 6300.2 6329.9 6362.7 6377.6 6524.45 6550.3 6566.2 6606.4 6645.6 6661.5 6718.5 6761.4 6787.3 6818.1 6883.1 6995.89 7031.3 7069.6 7076.9 7239.7 7271.7 7279.0 7312.4 7384.3 7394.4 7422.5 7447.2 7469.1 7486.6 7518.4 7573.6 7604.4 7619.5 7681.1 7711.3 7731.7 7782.3 7784.0 7787.6 7808.1 7831.4 7837.7 7856.6 7877.6 7881.8 7894.3 7919.4 7931.4 7950.4 7963.3 8007.0 8042.0 8063.4 8088.1 8096.4 8168.4 8211.0 8220.8 8221.2 8229.9 8319.5 8355.1 8381.7 8387.4 8422.2 8486.5 8501.0 8553.0 8606.6 8660.4 8695.2 8763.4 8774.4 8791.5 8819.8 8834.3 8902.5 8924.0 8926.3 8955.5 9022.1 9096.6 9126.5 9187.0 9206.4 9237.4 9280.2 9296.0 9337.6 9360.9 9418.9 9443.2 9481.0 9502.8 9559.3 9592.3 9646.7 9691.0 9710.5 9827.0 9843.0 10102.1
943.34 1363.1 1477.15 1492.49 1520.4 1695.07 2142.02 2146.1 2161.83 2181.08 2247.09 2304.11 2356.12 2398.35 2409.19 2424.89 2429.69 2430.92 2437.0 2440.4 2440.63 2450.1 2479.06 2529.0 2534.92 2539.3 2572.85 2641.76 2644.59 2667.91 2670.1 2698.0 2704.3 2719.39 2730.75 2742.7 2755.22 2769.11 2810.17 2821.08 2821.8 2831.56 2832.64 2833.51 2834.0 2834.5 2840.27 2842.0 2851.88 2861.5 2862.73 2881.0 2902.1 2915.46 2955.3 2974.04 2974.27 3024.36 3025.9 3046.37 3048.25 3057.0 3068.76 3100.94 3118.61 3142.59 3151.7 3160.0 3161.3 3178.11 3199.74 3209.8 3220.5 3241.59 3298.2 3348.0 3379.1 3395.1 3406.3 3436.0 3441.0 3450.0 3486.15 3596.0 3710.0 3985.0 4159.0 4378.0 4437.0 4756.0 4899.0 4938.0 5034.0 5586.0 6652.0 7027.0 7269.0
871.096 1573.72 1742.5 1864.29 2067.62 2295.2 2393.22 2423.46 2534.1 2566.8 2611.5 2739.82 2768.1 2805.8 2835.9 2870.2 2872.6 2955.6 2964.6 3011.6 3083.6 3129.2 3163.3 3165.79 3263.8 3308.1 3320.8 3339.56 3359.8 3367.4 3400.9 3448.7 3512.7 3793.2 3805.2 3867.2 3892.8 3896.9 4008.0 4189.7 4495.3 6555.0
204.1167 765.805 786.1959 820.626 947.679 1039.267 1056.757 1073.725 1302.59 1324.0 1369.73 1376.01 1426.13 1440.5 1540.8 1551.729 1620.22 1645.1 1660.29 1683.0 1743.26 1796.66 1808.24 1879.0 1937.89 2058.87 2232.52 2580.5 2611.91 2731.9 3634.5
778.245 1147.94 1497.8 1625.925 1628.218 1869.59 1978.453 2095.59 2219.477 2234.6 2398.8 2426.24 2438.508 2440.8 2481.05 2501.3 2540.4 2594.28 2611.4 2624.54 2700.0 2734.41 2735.6 2755.165 2786.85 2790.29 2818.43 2875.53 2975.16 2978.8 2986.9 3024.6 3053.15 3087.3 3133.75 3178.4 3186.77 3202.78 3283.9 3334.95 3370.0 3416.66 3441.6 3445.1 3472.8 3551.6 3787.5 3916.2 4533.4 4584.3 4795.5
480.9 658.13 679.59 719.19 720.92 888.0 1024.45 1092.63 1116.72 1264.9 1268.63 1270.7 1284.63 1321.5 1409.55 1436.9 1515.72 1516.0 1544.88 1547.6 1556.6 1565.6 1629.91 1697.9 1700.7 1724.1 1727.54 1762.5 1782.95 1786.6 1790.3 1847.8 1921.0 1930.2 1939.93 1961.6 1986.1 1989.8 2002.3 2033.7 2040.9 2049.9 2055.0 2073.8 2092.1 2152.5 2160.0 2197.29 2244.1 2258.0 2271.1 2278.7 2331.2 2357.4 2365.6 2377.5 2409.8 2434.0 2511.3 2512.9 2551.0 2560.4 2578.2 2626.66 2643.1 2649.6 2707.8 2725.1 2813.6 2829.3 2905.7 3748.5
734.75 787.384 1432.206 1510.039 1758.48 1880.85 1963.08 2017.52 2037.53 2104.72 2206.59 2223.855 2333.44 2343.61 2418.34 2419.62 2485.19 2506.36 2526.1 2561.93 2570.9 2572.82 2574.7 2608.4 2619.97 2620.79 2644.7 2678.87 2700.7 2738.0 2767.65 2795.58 2813.31 2836.82 2854.7 2856.3 2915.5 2962.3 2976.92 3010.9 3020.46 3021.74 3045.9 3050.94 3067.73 3095.7 3096.75 3103.1 3108.8 3155.6 3165.89 3195.53 3208.98 3210.7 3211.56 3229.16 3241.2 3271.8 3326.39 3366.1 3394.5 3401.13 3403.75 3418.68 3455.12 3465.91 3501.7 3516.77 3541.28 3547.5 3554.87 3565.65 3598.26 3601.1 3617.1 3620.1 3623.53 3657.2 3711.9 3723.7 3737.75 3769.4 3777.9 3809.24 3809.61 3842.8 3947.5 3964.32 3981.8 3998.61 4060.62 4076.43 4103.4 4149.9 4424.4 4440.7 4538.5 4610.1
97.785 235.508 351.24 525.197 548.68 615.08 631.77 684.5 697.97 752.4 754.0 792.84 867.1 890.32 905.42 905.6 944.69 1025.64 1048.5 1142.8 1165.4 1167.44 1196.0 1197.76 1254.2 1273.8 1280.4 1283.0 1313.4 1342.5 1352.6 1354.2 1367.8 1382.6 1400.5 1404.8 1442.0 1449.8 1464.5 1472.3 1493.5 1536.7 1560.57 1571.1 1637.0 1675.7 1680.0 1682.2 1858.0 1884.9 1893.39 2134.47 2220.9 2232.2 2340.24 2410.0 2441.6 2641.24 2686.92 2729.9 2785.73 2851.6 2944.1
535.57 695.12 1063.79 1136.11 1463.91 1504.64 1607.37 1766.5 1771.46 1846.9 1908.3 1977.34 2037.49 2042.77 2086.31 2103.17 2189.54 2201.09 2286.46 2320.3 2369.66 2396.0 2416.68 2564.25 2580.9 2626.5 2662.6 2738.0 2822.22 2935.0 2961.2 2970.3 2996.3 3004.0 3039.0 3042.2 3053.7 3062.6 3070.2 3129.6 3365.9 4062.3 5187.0 6419.0 6518.0 7638.0
13.497 57.015 170.958 237.732 240.5 289.531 293.79 294.586 315.0 318.858 351.589 454.55 479.78 540.05 567.55 568.85 583.39 586.47 626.36 709.98 797.16 810.6 823.09 830.43 854.07 867.78 902.84 909.83 914.19 974.78 984.17 1011.01 1047.05 1054.34 1098.99 1109.23 1116.86 1199.41 1229.84 1281.22 1291.25 1349.71 1447.28
296.597 698.188 743.74 848.06 1245.58 1249.75 1327.92 1398.43 1616.89 1747.77 1869.83 2018.82 2418.12 2480.98 2790.2 3632.2
102.561 241.09 346.53 353.74 433.23 456.06 478.5 489.83 498.1 526.13 637.8 641.08 687.44 692.78 746.2 850.8 861.8 901.7 967.08 1028.16 1156.8 1185.71 1408.9 1426.4 2115.7 2164.4 2960.7
192.19 560.68 812.36 886.08 1028.35 1079.98 1214.82 1275.19 1468.61 1475.67 1544.57 1583.5 1607.0 1610.68 1624.02 1721.81 1724.39 1790.28 1824.26 1882.2 2036.6 2061.15 2083.55 2211.95 2304.99 2316.84 2326.19 2372.86 2396.18 2455.4 2611.5 2656.41 2670.76 2682.96 2684.6 2791.99 2864.29 2866.51 2888.2 3004.6 3253.4
94.91 232.89 246.74 309.94 332.15 348.61 377.73 396.76 464.16 507.81 514.21 524.7 624.3 648.75 795.5 1175.8 1352.9
171.548 522.29 710.71 885.6 956.55 1033.7 1068.2 1279.9 1435.77 1688.0 2472.5
66.3 152.2 166.16 320.0 348.4 458.7 492.7 566.8 582.1 730.8 838.5 970.3 988.1 1118.0 1286.8 1393.5 1545.6 1590.8 1798.0 1975.2 2244.6
192.9 563.8 586.09 783.07 978.39 1090.0 1232.19 1507.9 1698.87 1752.7 1817.4 2170.2 2223.5 2524.4 2529.4 2593.8
222.5 333.8 473.0 731.7 886.2 1443.6
