86 110
595.0 1445.0


179.2 790.0 795.9 998.3 1101.3 1331.9 1682.1 1731.8 1896.9 2031.9 2043.6 2320.5 2427.1 2530.5 2923.8 3103.5 3112.8 3217.7 3311.4 4065.2 4224.0 4243.2 4713.6 4942.3 5113.8 5329.2 5332.1 5650.9 6190.5 6413.7 6545.9 6612.0 7011.3 7402.1 7765.7 7772.0 9109.8 9163.2 2406.1 3790.0 5311.4 6979.3 8797.7 10772.7 12908.7 15206.4 17665.6 20290.6
103.7 152.52 340.34 494.09 993.72 1023.84 1485.9 1613.85 1631.94 1698.78 1938.56 1995.09 2186.48 2247.95 2537.4 2557.88 2600.49 2775.61 2946.74 2982.01 3167.77 3201.19 3383.26 3405.73 3488.65 3593.08 3672.91 4486.42 4512.12 4637.12 4864.66 5599.18 5651.25 5705.93 5808.21 6338.54 6455.27 6884.81 6993.94 7373.4 7439.6 7678.8 8394.4 8756.5 9342.1 9804.2 11246.4
394.51 884.9 892.9 1097.1 1532.62 1555.8 1821.33 1943.1 2044.84 2137.17 2153.01 2767.58 2980.57 3135.9 3345.43 3804.37 4080.36 4119.3 4354.52 4594.89 4703.13 4750.22 4935.73 5077.93 5090.56 5268.1 5382.9 5567.13 5776.12 5933.67 6158.73 6192.16 6452.35 6615.81 6690.8 6843.07 7292.85 7505.03 7667.99 7716.17 7992.7 8141.22 8276.58 8392.3 8559.0 8835.89 9008.7 9299.78 9717.0 10166.7 10388.0 10505.4 10843.5 12172.5 12225.1 2809.5 4379.2 6061.0 7853.1 9756.2 11769.5 13887.7 16109.1 18433.0 20856.6
213.81 270.15 389.25 529.47 576.93 626.4 686.14 711.39 965.7 1119.4 1161.97 1163.7 1355.48 1443.92 1487.25 1502.92 1589.2 1796.6 1980.54 2001.8 2002.7 2107.0 2316.08 2390.98 2548.9 2664.7 2771.02 2940.0 3004.8 3048.1 3069.4 3301.0 3563.4 3587.9 3709.2 4048.0 4615.0 4716.4 4786.8 5373.5 5646.2 6033.7 6272.9 6725.2 7833.1
391.84 680.59 1194.13 1407.8 1434.42 1503.04 1515.95 1788.09 1801.42 1969.09 2133.7 2145.45 2184.84 2185.16 2257.73 2338.89 2431.08 2490.2 2535.3 2631.11 3280.9 3888.4 3914.75 3927.8 4158.5 4187.4 4257.3 4344.4 4389.6 4608.9 4619.0 4668.63 4760.6 4775.0 4937.8 4955.0 4973.9 5076.4 5298.2 5564.3 6017.4 6053.3 6087.8 6106.0 6366.0 6373.1 6454.0 6463.0 6469.0 6477.0 6531.0 6576.0 6596.0 6600.0 6670.6 6857.1 7282.2 7373.5 7811.9 7880.2 8487.6 8497.5 8852.3 9139.7 9372.4 9420.6 9906.0 10272.2 11097.8 11526.4 12218.2 13258.3
101.89 210.6 243.3 335.5 442.4 477.4 800.4 825.7 920.3 928.8 955.9 967.1 1047.6 1180.8 1266.5 1316.6 1354.2 1367.4 1373.6 1396.7 1409.4 1431.8 1446.8 1542.5 1662.4 1681.4 1780.9 1859.3 1867.6 1886.5 1976.0 2004.6 2024.6 2064.2 2067.2 2096.9 2134.3 2169.4 2210.6 2216.0 2244.0 2253.1 2266.7 2270.3 2309.1 2347.2 2421.5 3454.7 3969.2 4060.1 4575.5 5458.0
38.89 336.397 626.81 646.55 667.79 882.19 927.78 957.1 1033.9 1084.96 1178.59 1213.16 1214.48 1275.89 1281.47 1307.19 1416.39 1433.21 1515.33 1549.48 1618.5 1631.99 1639.39 1691.3 1694.52 1702.17 1746.99 1785.21 1837.7 1873.9 1888.13 1920.02 1920.99 1958.97 1978.54 2032.33 2086.07 2118.1 2119.64 2164.1 2168.29 2183.9 2189.08 2210.6 2212.92 2219.61 2231.5 2238.0 2240.6 2251.97 2267.57 2318.3 2324.46 2328.69 2382.6 2410.2 2474.7 2547.06 2556.0 2706.6 2846.8 2906.54 3024.06 3039.36 3065.54 3210.3 3515.97 3578.5 3821.82 3918.27 4081.6 4127.39 4292.96 4783.2 4971.33
34.28 49.21 121.26 177.01 227.15 228.81 239.36 256.07 316.62 319.22 321.57 352.53 444.94 458.18 493.16 506.34 530.28 530.45 542.12 547.8 551.9 564.14 565.61 568.05 574.95 585.85 619.63 622.79 627.33 646.68 656.0 720.57 732.62 739.8 749.78 752.53 788.85 794.18 801.47 815.14 816.45 820.98 821.74 828.4 840.0 867.18 885.86 909.54 927.23 934.29 942.43 946.93 971.23 979.05 980.72 1040.91 1042.28 1053.9 1062.46 1065.7 1071.6 1103.12 1118.27 1138.96 1139.96 1149.1 1152.07 1183.26 1187.59 1202.78 1211.6 1255.66 1271.0 1290.23 1294.4 1314.12 1366.63 1408.32 1437.95 1447.73 1482.3 1487.46 1516.22 1536.2 1557.05 1596.42 1597.4 1610.2 1636.3 1703.32 1767.43 1861.73 1922.79 1974.4 2148.45 2213.98 2317.91 2397.47 2599.9 2643.1 3020.6
96.56 215.712 324.479 580.19 656.9 765.7 772.72 785.048 832.82 833.6 855.44 861.92 941.95 946.69 969.7 994.69 1003.58 1049.23 1060.0 1126.63 1138.0 1141.18 1165.2 1167.22 1199.9 1219.87 1240.02 1271.4 1274.5 1277.83 1310.15 1348.33 1366.0 1372.3 1379.0 1379.9 1382.3 1393.49 1396.89 1409.5 1441.1 1480.3 1512.36 1518.56 1523.1 1580.0 1649.45 1654.54 1676.0 1677.2 1685.5 1692.9 1707.7 1722.4 1733.3 1779.1 1796.7 1815.7 1834.84 1849.87 1850.6 1856.1 1864.83 1879.42 1896.0 1914.1 1924.6 1940.6 1949.5 1987.0 1994.9 2001.3 2023.7 2036.0 2060.0 2069.0 2121.84 2150.1 2168.5 2208.2 2217.4 2255.1 2331.44 2337.67 2491.6 2533.84 2564.76 2661.84 2672.2 2733.85 2916.85 3143.2 3254.45 3296.64 3530.24 3575.65 3586.04 3643.74 3731.15 4376.2
21.8 65.43 81.68 106.43 138.55 152.09 190.21 203.67 268.14 306.2 321.82 328.45 346.93 351.27 375.09 390.04 424.04 441.02 447.0 457.83 484.23 502.09 543.22 622.18 652.72 665.6 670.2 688.2 713.62 764.34 1018.7 1090.66 1102.84 1166.34 1207.82 1254.3 1549.74 1582.43 1851.39 1920.4 1995.5 2303.8 2367.8 2481.8 2677.3 2810.6 3055.1 3129.4
140.5107 142.6832 181.0941 509.096 534.44 536.89 612.37 625.53 652.77 671.478 719.41 726.76 739.213 761.781 761.95 884.259 920.579 986.17 1004.068 1017.46 1019.76 1072.23 1081.46 1127.4 1129.105 1135.04 1141.854 1149.43 1172.05 1176.48 1198.89 1203.46 1207.26 1243.78 1268.69 1306.28 1309.11 1320.74 1329.4 1405.45 1426.24 1444.13 1469.1 1494.15 1503.71 1507.06 1526.48 1543.22 1552.12 1552.48 1554.55 1563.12 1565.06 1566.21 1581.21 1585.01 1604.28 1611.37 1621.92 1659.02 1678.14 1747.52 1752.94 1774.68 1790.34 1808.31 1823.65 1853.28 1874.89 1947.28 2155.25 2223.02 2330.15 2363.41 2424.34 2487.32 2553.12 2588.84 2646.93 2703.62 2761.23 2785.24 2855.92 3129.84 3203.7 3296.5 3376.84 3623.14 3649.13 3814.44 3884.4 4177.92
172.15 200.67 223.47 243.96 263.56 287.53 294.93 299.7 319.49 335.2 340.97 355.52 400.63 424.36 440.4 454.23 457.1 459.17 461.1 476.1 483.9 493.68 500.02 500.15 521.0 539.63 544.87 552.28 580.41 608.7 635.64 639.85 680.23 707.8 710.8 758.8 777.9 830.19 906.14 1074.6 1154.9 1284.6 1406.6 1581.9 1720.9 1840.2 2175.5 2238.4 2693.3 2695.9 3075.7
9.32 15.601 207.53 288.45 394.9 500.45 515.26 520.6 533.5 589.9 606.5 616.25 618.8 622.1 642.2 669.9 676.47 711.24 742.3 777.5 884.6 886.73 911.5 947.0 980.44 1028.12 1034.0 1042.5 1103.7 1122.1 1170.9 1174.97 1188.1 1191.37 1232.2 1249.53 1264.6 1270.88 1295.09 1319.57 1322.9 1332.2 1400.0 1420.4 1421.7 1441.85 1477.9 1498.7 1500.2 1520.97 1534.7 1558.79 1564.89 1579.4 1594.73 1599.1 1614.8 1617.8 1644.3 1678.0 1775.4 1806.45 1808.5 1836.5 1844.0 1892.5 1897.91 1928.79 1962.37 2001.3 2047.76 2056.8 2129.85 2171.0 2174.0 2218.4 2237.9 2271.7 2401.1 2442.3 2557.9 2573.6
211.66 223.83 266.63 359.86
45.86 83.38 138.9 178.3 259.0 383.2 469.77 487.1 519.22 620.76 686.6 687.6 691.59 887.2 1085.98 1219.82 1494.49 1621.1
69.7 106.1 119.7 174.8 220.8 265.8 306.8 364.1 398.8 442.6 613.8 641.8 710.6 728.8 765.1 778.9 908.5 989.3 1017.3
76.58 85.43 147.76 149.61 237.03 249.62 278.59 303.76 322.17 345.68 440.9 463.63 491.44 523.75 530.0 558.74 563.77 610.28 810.31 868.87 880.89 1043.31 1172.12 1415.11 1476.37 1819.8 1890.8 2195.2 2211.97 2766.43
54.05 77.28 86.97 139.91 151.0 163.0 189.13 197.14 242.98 309.51 326.48 449.4 465.77 504.41 672.73 736.38
45.6 65.7 137.4 172.6 276.0 466.1 495.9 501.1 549.4 568.7 728.6 766.3 850.7 983.8 1088.2 1144.1 1331.3 1374.6 1392.2 1612.9 1840.8 2058.0 2380.0 2847.5 3589.5
27.99 67.78 86.38 106.18 176.6 268.26 293.2 326.91 330.6 334.03 340.38 413.1 454.0 458.76 563.78 568.6 579.7 734.0 773.1 904.1 921.3 1145.2 1457.9 1676.3 2058.9 2359.0
69.1 207.2 505.5 645.1 932.1 1085.1 1232.8 1264.1 1952.6 2138.3 2755.2 3440.8
39.45 53.3 142.09 186.5 262.9 740.8
