90 112
738.0 1638.11 2584.3 3096.2 3981.8 4957.4 5730.4 6097.4 6387.9
973.5 1872.0 1893.0 2200.0 2253.8 2369.4 2409.3 2709.3 2927.6 2985.3 3004.9 3164.3 3192.5 3554.6 3633.6 3893.9 3969.8 4035.8 4151.6 4379.7 4991.9 5108.8 5961.7 5996.4 6085.0 6313.8 6922.3 7515.2 7516.8 8149.0 9630.0
864.6 1854.9 2535.2 2671.5 2833.9 2994.5 3292.2 3798.2 3931.4 4363.1 4705.2 5215.0 5267.6 5281.9 5369.6 5572.1 5598.7 5658.1 5741.7 6145.3 6621.4 6995.6 7060.7 7504.2 7658.9 8001.0 8470.0 8647.0 8912.0 9233.0 9433.0 10741.0 10886.0 10996.0 11259.0 11311.0
734.4 1392.11 1936.3 2082.6 2112.8 2129.4 2280.5 2713.3 2733.7 3121.1 3240.5 3375.5 3722.7 4022.0 4237.0 4500.2 4787.2 4850.2 5271.7 5342.7 5971.0 6376.8 7849.7 7865.0 7981.1 8204.1 8331.1 8463.9 8735.8 8962.1 9145.9 9425.7 9637.4 9694.0 10049.3 10083.7 10365.8 10684.1 10884.5 11400.8 11950.2
1430.51 2186.74 2498.45 2503.0 2624.8 2644.55 3117.4 3177.7 3254.9 3658.3 3991.6 4198.3 4489.9 4716.9 5569.0 6064.3 6294.3 6552.7 6614.1 7157.0 7407.7 7651.9 7772.4 7908.8 8200.7 8340.0 8402.7 9040.9 9252.3 9525.7 9920.1
787.7 941.76 1352.01 1494.6 1524.0 1925.27 2029.77 2067.0 2117.0 2155.66 2246.9 2258.87 2268.2 2284.8 2431.1 2450.0 2493.0 2539.8 2648.0 2691.0 2695.8 2744.0 2774.0 2902.23 2961.0 2991.0 3057.0 3062.9 3163.2 3168.0 3186.3 3370.0 3407.2 3551.2 3577.0 3655.8 3686.7 3733.6 3744.0 3779.3 3824.5 3832.0 3975.8 3983.5 4177.7
832.57 1518.06 1931.08 2148.8 2149.77 2284.2 2462.07 2524.6 2528.4 2576.1 2579.0 2588.4 2650.0 2700.1 2739.8 2760.2 2793.84 2851.4 2891.64 2897.7 2950.4 2987.8 2996.4 3060.5 3075.9 3076.54 3090.2 3166.69 3210.1 3232.1 3260.98 3291.0 3291.6 3306.72 3362.5 3377.53 3380.47 3544.49 3706.4 3742.84 3755.13 3805.67 3816.7 3887.22 3950.6 4057.5 4080.23 4112.94 4148.1 4210.8 4261.5 4417.6 4520.98 4533.6 4560.92 4592.5 4600.2 4777.44 4798.0 4865.3 4949.54 5273.5 5533.3 5541.5 5679.8 5750.3 5993.8 6278.7 6440.5 8203.3
189.22 421.54 527.84 610.79 771.38 840.19 879.77 908.28 1184.54 1199.01 1229.43 1376.88 1543.02 1595.6 1619.6 1826.1 1845.48 1879.3 1932.33 1990.08 1998.6 2020.0 2150.9 2197.7 2245.91 2300.7 2312.79 2545.2 2552.9 2564.9 2576.0 2591.4 2596.2 2599.1 2640.7 2647.82 2738.8 2742.9 2754.7 2759.1 2760.4 2764.78 2766.2 2797.1 2929.77 2966.4 3264.9 3269.5 3296.1 3368.8 3374.8 3458.9 3481.2 3620.7 3669.3 3940.8 4262.4 4729.2
652.44 1322.14 1397.81 1414.29 1796.96 1817.22 1953.4 2012.7 2222.51 2241.4 2245.9 2266.5 2276.8 2374.0 2427.14 2430.2 2467.6 2473.8 2546.99 2602.3 2619.2 2656.51 2659.62 2720.3 2809.2 2867.7 3064.9 3069.3 3126.31 3179.3 3190.2 3245.4 3250.9 3283.4 3366.8 3537.0 3538.4 3851.4 3974.3 4000.8 4006.0 4223.3 4795.4 4806.3 4846.4 4914.0 4988.4 5801.4 5826.0 5888.2 6895.9 7031.8 7621.6 8319.1 8447.7 9324.4 9722.8 10718.2 10806.0 11083.2 11205.4 11630.3 12094.2 12281.0 12535.3 12776.0 12942.2 13290.4 13305.3 13562.1 13746.3 13805.4 13959.4 14336.0 14406.0 14520.4 14949.2 15005.0 15043.3 15071.1 15168.3 15182.6 15231.0 15370.3 15461.3 15465.3 15632.0 15999.3 16056.4 16722.0 17235.0 17593.0 18284.0 19024.0 21239.0 23420.0
89.68 322.38 340.73 442.71 575.89 617.62 618.04 719.85 734.13 896.93 998.74 1048.62 1069.93 1118.5 1200.7 1261.24 1277.7 1290.78 1306.1 1319.8 1383.16 1407.2 1414.25 1473.7 1497.29 1499.2 1531.66 1572.1 1583.0 1662.1 1685.17 1711.4 1717.5 1749.9 1822.7 1847.0 1861.8 1898.8 1944.5 1966.1 1975.66 2020.91 2059.37 2112.6 2168.5 2223.8 2254.7 2269.0 2383.1 2393.2 2401.2 2411.8 2875.0 3020.0 3037.4 3201.2 3207.9 3354.0 3460.2 3484.2 3640.0 3985.1 4224.3 4324.2 5170.2 5359.3 6479.0 7563.0 8738.0 10027.0 11425.0
539.506 1130.297 1226.475 1362.161 1740.988 1865.103 1881.04 2051.65 2062.52 2075.1 2076.1 2099.104 2166.869 2240.805 2313.5 2324.6 2351.4 2366.5 2387.17 2411.8 2469.383 2492.89 2512.45 2516.82 2528.2 2536.17 2543.7 2569.91 2591.85 2617.09 2660.13 2660.66 2666.45 2745.59 2747.17 2764.87 2775.24 2801.49 2837.83 2877.49 2915.54 2933.65 2952.7 2964.8 2983.25 3060.15 3062.2 3069.52 3072.24 3140.4 3265.1 3323.71 3356.0 3419.1 3463.67 3504.6 3576.9 3993.8 4085.2 4232.1 4317.5 4355.3 4799.6 4920.4 5129.2 5164.5 5279.6 5715.9 6200.8 6717.0 7829.0 9059.0 10380.0 11742.0 13172.0 14739.0
127.229 306.858 311.368 325.23 344.0 422.22 527.56 545.115 598.34 616.3 623.59 720.02 842.76 928.77 938.365 958.4 1001.15 1206.8 1219.0 1321.57 1390.0 1500.9 1587.28 1622.3 1761.87 1774.1 1862.4 2017.5 2063.4 2173.9 2222.7 2346.0 2377.2 2473.2 2797.5 2801.8 2823.8 2885.5 2984.2 3052.0 3441.3 3475.7 4044.0 4613.6 5849.3
475.079 943.69 1103.15 1106.35 1521.66 1580.56 1602.9 1798.71 1837.1 1873.21 1968.65 2036.99 2043.5 2152.74 2219.16 2261.23 2302.7 2370.6 2421.0 2441.8 2592.2 2614.0 2648.8 2676.1 2700.89 2703.2 2704.3 2719.1 2814.2 2909.1 2913.7 2940.3 3010.2 3136.0 3385.0 3431.3 3535.3 3770.3 3816.3 4052.3 4613.3 4706.3 4803.3 5717.3
2.81 136.079 174.26 213.56 238.2 297.48 297.6 346.38 404.15 406.08 432.06 475.9 501.15 548.21 554.58 557.7 562.87 568.17 591.97 622.0 653.7 661.55 697.2 735.2 736.89 748.8 774.1 774.77 873.71 903.05 905.36 907.64 911.6 927.24 931.3 940.5 954.4 988.8 991.6 1018.1 1020.4 1065.14 1079.6 1106.7 1110.1 1110.6 1133.7 1140.6 1171.3 1174.08 1199.9 1269.8 1288.2 1301.5 1313.6 1324.2 1347.12 1378.4 1400.98 1431.12 1443.7 1473.8 1604.47 1717.0 1730.4 1835.88 1880.54 1906.06 1961.94 2003.6 2129.7 2131.8 2167.0 2206.04 2223.6 2576.2 2679.6 3078.7 3275.6 4058.6 4083.0 5028.0
358.03 888.49 893.11 988.28 1242.37 1502.6 1515.44 1556.3 1872.39 1970.44 1974.7 2034.85 2080.84 2232.7 2269.05 2285.08 2320.3 2329.23 2373.76 2429.85 2481.9 2489.91 2524.28 2597.31 2600.6 2613.8 2618.97 2629.99 2759.97 2823.43 3075.03 3111.8 3284.6 3333.81 3414.43 3443.35 3501.59 3507.33 3582.81 3583.9 3618.17 3676.74 3691.1 3713.4 3875.41 3919.46 4170.1 4263.73 4267.7 4439.2 5357.0
20.61 107.937 159.518 163.815 229.48 244.41 246.373 272.722 301.68 321.595 441.95 466.27 490.89 578.11 582.12 625.83 631.27 644.03 670.8 725.92 756.71 784.56 805.77 824.33 841.12 873.43 886.57 903.09 956.73 967.09 1058.78 1134.95 1180.13 1325.5 1329.19 1693.6 1735.13 1832.71 1843.2 1845.4 2148.4 2155.42 2326.7 2352.8 2379.7 2403.6 2404.08
270.07 714.69 792.31 990.62 1091.55 1295.8 1392.21 1688.41 1774.37 1885.61 1973.4 2239.4 2632.82 2701.43 2945.94 3047.13 3059.53 3186.43 3259.43 3364.13 3550.98 3930.4
102.682 106.32 142.104 177.029 199.71 250.59 291.46 322.57 360.31 428.46 460.87 470.88 490.95 492.51 561.33 582.46 585.95 631.94 713.72 741.41 807.35 825.94 894.04 900.23 923.2 957.09 1076.1 1162.5 1284.2 1486.28 1555.21 1679.56 1757.3 1844.77 2555.93 2679.68
242.24 665.2 707.82 974.8 975.96 1183.03 1218.8 1240.0 1249.19 1486.15 1495.7 1643.87 1741.29 1761.3 1825.76 1941.6 1973.31 2002.56 2109.0 2124.95 2132.2 2270.0 2352.29 2419.1 2470.0 2730.98 2739.3 2862.55 2908.9 2925.1 3097.63 3526.1 4288.2 5153.0
68.8 96.2 131.8 137.9 185.1 191.1 194.6 197.5 230.0 255.7 304.0 405.4 407.8 514.6 619.4 628.0 657.9 678.3 948.5 995.2 1159.0 1184.0 1219.4 1256.3 1268.0 1503.0 1600.5 1891.0 1910.1 1964.0 1967.3 2274.0 2733.1
240.71 612.89 663.31 859.96 1084.3 1239.4 1375.4 1396.4 1655.9 1684.1 1820.49 1944.5 2020.8 2046.8 2242.6 2396.9 2426.2 2759.2 2776.7 2892.9 3646.6 3700.0 4351.6 5150.2
103.9 166.7 317.0 393.1 750.0 1264.0 1915.0 2676.8
236.66 523.55 644.9 747.9 980.8 1026.9 1179.6 1189.9 1235.5 1570.1 1839.4 1840.9 2263.1 2534.2 2562.7 2814.5 2880.1 3326.1 4118.0 4953.0
