92 114
235.0 599.1 1270.9 1548.6 1845.9 2151.7 2536.6 2607.7 2843.7 3196.6 3475.7 3779.9 4313.6 4718.7 5418.6 5752.7 6029.0 6305.0 7172.0
239.8 621.6 864.1 1716.6 2049.8 2592.6 2888.2 3540.0 4085.8 4248.6 4545.8 4607.8 4704.3 4745.8 4993.0 5155.0 5619.0 5690.0 5824.0 6385.0 6921.0
558.2
543.3 1350.9 2067.48 2236.36 2264.12 2449.13 2973.13 3095.9 3129.44 3241.5 3724.1 3837.2 3908.9 4135.2 4163.4 4307.2 4457.9 4716.9 5063.2 6797.3 7627.3
52.0 125.6 176.7 714.6 773.5 775.5 904.6 939.2 1185.7 1275.4 1296.5 1392.8 1555.0 1564.7 1656.7 1802.0 1919.4 2019.3 2105.6 2132.4 2264.4 2289.2 2320.9 2533.6 2536.7 2585.6 2675.3 2724.6 2801.0 3294.0 3642.7 3743.8 3960.4 4161.6 4195.0 4227.7 4424.2 4546.6 5017.0 5560.1
258.85 265.36 475.13 850.6 857.68 863.42 1004.6 1058.04 1199.1 1242.7 1375.8 1415.52 1463.61 1471.1 1529.0 1541.8 1553.09 1619.0 1635.0 1759.53 1775.4 1906.5 1928.3 1961.85 1984.2 1994.2 2062.1 2068.0 2097.7 2103.6 2113.25 2127.1 2147.4 2187.5 2225.35 2229.6 2271.6 2272.4 2295.4 2297.9 2353.7 2372.8 2617.15 2895.6 2903.58 2950.1 3055.7 3091.2 3095.8 3240.0 3259.6 3345.4 3551.1 3607.1 4015.3 4074.4 4275.0 4824.2 5159.3 5193.7 5516.0 5973.7 6190.1 6441.2 6774.0 7103.5
106.75 112.01 174.45 214.1 291.27 837.67 841.3 1007.39 1111.91 1262.26 1567.1 2561.4 2974.0 3023.0 3518.0 3541.3 3805.1 3815.0 4354.0 5035.0 5195.0 5490.0 6128.0 6346.0 6347.0 6852.0 7475.0 7811.0 8284.0 8961.0 9812.0
200.4 410.7 427.1 464.0 842.1 850.8 874.1 979.1 1015.2 1018.1 1035.9 1100.7 1110.9 1167.4 1366.3 1381.8 1397.5 1407.9 1430.5 1477.2 1527.4 1535.8 1615.9 1618.3 1622.1 1626.1 1659.0 1701.7 1736.8 1760.9 1790.6 1794.4 1799.2 1814.6 1881.4 1920.8 1969.1 2040.2 2051.5 2068.4 2070.6 2143.2 2181.0 2194.7 2198.8 2267.8 2298.7 2343.1 2388.2 2592.8 2617.8 2639.9 2709.5 2727.1 2736.7 2758.5 2835.9 2860.1 2890.0 2957.2 3014.5 3047.1 3111.3 3149.1 3586.3 3710.2 3987.8 4263.2 4325.3 4855.5 5192.7 5318.5 5782.6 7123.5 8015.5
32.7 74.78 86.33 136.32 139.84 151.8 154.0 158.78 160.69 171.1 136.0 221.79 248.04 255.8 281.97 325.2 329.4 376.7 389.7 445.49 473.2 517.71 531.9 561.0 779.5 1090.0 1162.7 1295.8 1625.2 1693.3 2019.7 2082.8 2488.2 2956.6 3382.6 3472.8 3840.6 4281.6
157.32 181.78 305.42 355.24 478.06 747.77 850.5 851.35 893.4 899.35 905.69 978.16 996.4 1035.63 1058.0 1320.26 1359.37 1383.4 1470.81 1576.9 1604.0 1604.5 1607.4 1609.0 1696.33 1777.9 1778.8 1789.49 1820.59 1845.33 1911.4 2386.7 2586.3 2653.8 2671.8 2781.0 2785.1 2931.2 3247.7 3874.2
41.94 105.217 123.752 140.75 154.43 156.494 178.68 206.874 208.74 242.33 259.57 263.86 291.54 297.26 302.2 305.89 345.77 359.61 364.8 378.54 399.36 409.91 427.52 431.47 449.36 450.6 474.34 476.85 525.1 542.14 543.55 545.76 546.7 575.93 598.95 601.37 632.5 645.81 682.74 730.7 760.75 798.5 907.12 950.3 1132.8 1270.3 1544.0 1576.66 2038.85 2093.7 2477.03 2965.3
39.756 93.041 294.98 357.408 536.838 607.45 650.085 651.798 657.72 780.5 803.07 821.46 847.58 880.47 920.1 1077.75 1106.7 1135.9 1251.76 1255.71 1277.04 1293.45 1326.9 1344.9 1349.5 1403.3 1410.89 1429.1 1438.13 1442.9 1466.7 1480.0 1481.98 1491.22 1516.0 1524.65 1530.61 1579.98 1600.1 1605.28 1611.9 1637.64 1684.85 1706.18 1706.5 1717.41 1732.03 1842.4 1968.2 1970.0 1999.5 2008.8 2059.2 2103.5 2136.8 2221.2 2234.9 2345.35 2418.6 2522.3 2525.4 2540.6 2702.8 2739.9 2753.5 2918.2 2937.0 3014.3 3048.3 3214.8 3218.7 3229.4 3277.1 3330.1 3399.2 3616.8 3634.2 3672.6 3772.1 3871.7 3942.8 4039.7 4324.6 4339.6 4709.9 5052.7 5200.7 5667.5 6212.9
51.423 97.099 128.967 175.236 180.84 186.04 197.894 213.061 224.419 266.768 269.274 329.799 344.596 349.5 358.631 363.181 380.535 384.988 394.0 394.758 400.759 404.511 416.1 420.766 426.366 455.3 459.64 465.892 482.325 498.049 505.189 514.519 521.963 524.711 537.734 555.475 577.223 584.0 589.89 613.5 644.7 649.249 695.784 711.06 728.22 732.403 749.97 787.32 790.5 801.6 802.473 814.821 817.4 818.01 826.724 848.332 860.322 865.38 888.645 908.19 915.65 924.31 952.54 971.3 1001.6 1047.9 1081.94 1200.8 1274.0 1299.9 1358.2 1408.9 1651.5 1712.6 1747.9 1767.1 1906.1 2102.3 2134.2 2147.7 2192.3 2243.4 2298.8 2445.5 2493.3 2846.8
129.781 149.19 392.65 455.61 469.38 499.31 638.68 724.33 762.11 785.93 805.94 842.61 969.45 1316.28 1321.36 1345.27 1377.06 1441.33 1486.81 1698.43 1708.41 1721.32 1765.4 1809.74 1829.6

194.05 268.36 374.28 384.82 405.8 462.61 485.66 543.84 559.97 568.9 588.92 680.0 683.1 752.55 877.75 911.99 948.12 953.48 974.44 1009.76 1041.95 1272.2 1306.43 1386.36 1639.07 1863.1 2020.51 2054.2 2115.42 2177.98 2207.68 2249.68 2303.4 2331.08 2510.0
14.6 73.65 164.95
206.29 225.98 257.78 358.79 374.1 409.82 426.85 478.41 530.7 568.2 623.2 642.0 671.94 740.9 856.1 861.0 890.3 926.9 973.4 980.8 1011.7 1026.5 1051.3 1053.3 1096.3 1162.3 1177.1 1214.3 1229.5 1283.9 1310.8 1412.7 1511.6 1576.4 1638.1 1929.1 1963.5 1971.9 2015.6 2045.6 2094.0 2098.6 2117.1 2182.9 2184.8 2190.6 2193.8 2208.5 2209.6 2238.1 2247.1 2270.1
112.19 166.15 200.4 228.26 251.6 667.1
211.7 303.7 382.1 395.0 440.4 492.8 632.7 663.4 681.9 1055.2 1897.9 2033.4
82.3 327.0 542.0 670.0
211.67 263.04 351.25 443.79 578.94 600.16 785.5 834.1 977.9 1009.04
127.0 179.4 255.2 267.0
