96 117
1415.4 2099.2 2424.3 2530.8 2648.9 3783.9 4573.9 6729.0 7040.0
686.4 775.0 1043.7 1294.58 1469.5 1537.7 1630.6 1712.2 1782.2 1881.5 1924.9 1936.0 1943.0 1998.7 2116.9 2131.7 2134.7 2137.4 2141.1 2175.0 2176.1 2231.6 2244.2 2283.2 2344.8 2371.6 2375.8 2376.6 2395.7 2417.1 2447.0 2468.6 2481.8 2495.9 2500.5 2505.9 2515.2 2583.2 2587.7 2604.7 2622.8 2639.3 2679.5 2689.9 2763.8 2784.0 2799.3 2808.0 2831.2 2842.9 2881.8 2882.1 2884.4 2890.1 2893.2 2923.7 2961.5 3001.6 3005.0 3010.2 3018.5 3023.5 3029.3 3066.3 3067.9 3086.6 3097.2 3101.4 3105.6 3118.2 3147.7 3157.0 3192.5 3209.0 3226.7 3251.1 3280.2 3295.7 3303.6 3329.9 3351.1 3353.7 3362.4 3373.9 3382.7 3406.9 3429.4 3434.1 3473.2 3496.0 3503.0 3548.0 3558.4 3577.2 3577.6 3591.0 3622.0 3626.3 3675.5 3686.5 3704.7 3712.7 3740.0 3759.4 3763.2 3774.7 3782.0 3790.4 3810.2 3814.6 3827.8 3841.9 3856.4 3859.0 3865.4 3925.5 3953.9 3967.6 3983.2 4013.5 4019.1 4040.2 4052.9 4068.5 4105.3 4123.2 4125.6 4142.6 4176.9 4193.7 4219.2 4256.3 4264.2 4266.0 4285.6 4318.5 4337.0 4339.2 4354.5 4374.7 4385.8 4413.5 4420.2 4430.5 4436.2 4451.4 4465.0 4532.5 4548.7 4618.3 4636.3 4645.6 4729.3 4820.4 4915.2 4915.3 4992.8 5004.9 5042.4 5086.2 5150.9 5238.1 5255.8 5280.1 5326.2 5535.4 5887.4 6312.9 6540.6 7522.6
863.1 1541.6 2112.5 2290.3 2564.6 2620.1 2724.6 2773.1 3076.6 3125.9 3378.3 3442.5 3644.6 3752.2 3988.2 4145.1 4186.1 4364.9 4447.1 4640.4 4675.6 5464.2 5504.0 5700.0 5734.8 5858.3 5982.6 6319.5 6626.5 6749.5 6802.7 7158.0 7232.2 7347.3 7866.0 8341.0 8507.5 8613.8 9136.0 10864.0
219.75 264.26 463.79 555.4 686.92 815.25 832.37 1069.66 1102.72 1182.78 1419.8 1423.48 1468.32 1540.38 1649.7 1696.61 1718.83 1849.65 1853.92 1911.56 2007.06 2017.6 2062.5 2137.64 2145.29 2171.5 2205.7 2239.8 2263.53 2268.9 2332.75 2426.3 2437.3 2481.7 2486.17 2509.3 2599.3 2601.57 2740.0 3209.4 3307.0 3446.1 3510.1 3515.3 3572.4 3594.3 4003.8 4037.5 4517.8
665.56 1416.25 1523.6 1587.87 1926.08 2056.17 2189.41 2278.76 2350.86 2359.5 2470.08 2505.3 2532.1 2621.7 2679.3 2694.3 2783.7 2821.6 2879.74 2920.26 2988.0 3079.69 3177.8 3231.1 3235.9 3311.57 3439.1 3823.8 3869.3 4053.5 4093.2 4146.5 4761.2 4862.9 5452.6 5668.3 5706.6 5919.7 6459.0 6704.2 6938.6 7644.4 8715.4 9915.0 10103.0 11210.0 11425.0 12593.0 13161.0 13202.0
80.3 261.0 274.7 588.0 623.6 667.3 734.7 745.0 938.9 1081.7 1173.9 1199.3 1205.3 1265.6 1337.4 1403.5 1534.5 1560.5 1614.6 1816.6 1823.6 1892.9 1932.9 1981.7 2041.6 2063.0 2207.5 2220.3 2221.0 2245.4 2265.3 2291.0 2300.2 2393.4 2512.0 2641.1 2721.0 2802.8 2864.6 2891.0 2895.8 2960.1 2983.0 3034.6 3227.5 3304.7 3327.1 3404.3 3532.2 3625.4 3812.0 4443.0 4896.4 5414.5 6488.2
556.43 1275.87 1534.47 1593.13 1658.1 1715.0 1919.0 1944.45 2111.35 2111.65 2138.02 2248.7 2294.53 2301.27 2342.94 2391.1 2431.5 2474.33 2480.2 2489.9 2533.0 2546.2 2553.5 2574.3 2582.9 2606.5 2610.73 2651.3 2660.7 2675.0 2695.9 2716.3 2737.0 2769.0 2798.9 2914.03 2977.3 3003.2 3008.78 3013.06 3040.0 3076.02 3123.3 3166.5 3188.13 3238.15 3340.28 3389.66 3670.54 3727.76 3889.33 3992.71 4033.1 4317.72 4328.73 4432.73 4646.04 4747.2 4836.9 4944.71 5055.1 5094.03 5260.64 5325.88 5577.1 5768.8 5984.8 6138.63 6179.8 6222.7 6344.98 6539.0 6988.09 7428.8 7461.28 7585.6 8063.2 8707.0 8737.5 8778.7 9214.1 9892.7 10178.1 10223.0 10540.1 11227.5 11886.1 12025.2 13592.9 15414.3
118.736 243.959 266.861 498.948 504.24 531.972 625.637 698.746 718.02 727.31 784.79 884.67 900.0 904.12 913.41 1043.61 1069.05 1155.36 1182.92 1261.5 1273.97 1277.0 1308.9 1328.94 1386.12 1527.04 1547.11 1581.33 1592.38 1604.72 1679.0 1689.93 1775.65 1777.18 1781.2 1953.5 1964.32 1974.91 2178.0 2233.6 2275.42 2343.13 2408.3 2417.6 2446.5 2464.7 2468.0 2486.5 2511.5 2601.0 2764.38 2822.01 2834.0 2924.0 3020.38 3071.0 3382.0 3714.0 3792.1 4056.0 4160.0 4587.0 4886.4 5025.0 5458.0 5983.0 6048.3 6452.0 7056.0 7316.0 7593.0 8212.0 8668.0 8831.0 9442.0 10119.0 10190.0 10741.0 11638.0 11643.0 12208.0 13240.0 13798.0 14932.0 15487.0 17357.0 3439.0 5003.0 6662.0 8449.0 10359.0 12377.0 14636.0
555.81 1323.59 1333.59 1341.68 1792.86 1794.3 1820.65 1941.2 1999.1 2082.38 2125.5 2138.7 2181.56 2193.4 2244.9 2249.5 2265.31 2276.5 2298.9 2337.9 2351.6 2444.5 2456.6 2465.0 2479.0 2491.4 2492.0 2521.4 2533.4 2570.3 2572.5 2613.4 2622.2 2626.9 2642.6 2667.7 2677.8 2695.0 2714.8 2760.3 2767.0 2771.5 2774.5 2800.5 2866.0 2875.2 2900.8 2918.3 2924.2 2958.9 2960.5 2975.5 2988.4 2993.6 3000.3 3008.3 3013.5 3020.3 3034.0 3078.5 3097.8 3105.0 3112.8 3113.3 3115.6 3116.5 3136.9 3151.8 3157.9 3179.3 3193.3 3213.5 3220.7 3280.5 3285.4 3309.6 3333.8 3368.1 3408.0 3421.8 3474.4 3501.8 3590.2 3769.5 4009.2 4023.1 4029.7 4047.9 4202.4 4635.0 4648.5 4963.1 5432.1 5681.2 6021.8 6358.3 7422.4 8616.0 9873.0 11237.0 12707.0 13970.0 15351.0 16862.0 18500.0 20263.0 22182.0 24261.0
280.51 306.25 319.216 344.512 442.38 489.14 560.75 644.53 650.7 673.17 696.66 727.22 781.94 901.98 921.0 929.13 961.4 962.38 970.15 1011.55 1011.71 1072.2 1074.4 1087.96 1098.42 1102.1 1125.33 1140.81 1142.35 1177.7 1201.6 1259.11 1271.44 1324.3 1405.1 1411.03 1520.5 1601.3 1650.4 1671.19 1700.6 1741.98 1749.68 1763.3 1774.6 1854.21 1865.5 1874.02 1902.02 1961.53 1988.4 2064.5 2197.19 2280.76 2344.73 2491.1 2552.15 2565.07 2700.4 2704.08 2756.04 2775.75 2806.7 2900.92 3072.99 3119.36 3153.46 3294.89 3468.74 3527.8 3694.54 3800.65 3873.16 4254.6 4668.4 4953.3 5255.5 5683.0 2491.0 3870.0 5358.0 6955.0 8675.0 10521.0 12528.0 14669.0 16909.0
511.851 1128.01 1133.77 1229.25 1557.65 1562.25 1706.39 1904.31 1909.45 1932.28 2001.49 2076.29 2076.63 2083.86 2242.49 2278.11 2282.94 2305.56 2308.81 2350.81 2365.96 2397.5 2401.4 2439.1 2472.7 2484.66 2500.31 2578.42 2591.2 2624.4 2626.87 2648.9 2699.36 2705.3 2713.6 2717.56 2741.0 2748.2 2757.0 2774.9 2783.78 2793.2 2820.97 2828.29 2850.4 2861.0 2877.92 2886.5 2897.8 2902.48 2908.7 2917.86 2936.0 2951.78 2962.5 2968.68 2977.63 2998.72 3037.32 3054.96 3069.9 3083.52 3120.0 3161.1 3166.2 3173.8 3176.68 3221.37 3249.9 3252.0 3273.5 3289.6 3299.2 3320.5 3461.78 3532.96 3654.11 3874.72 3948.6 4021.68 4088.18 4259.7 4640.2 4721.29 4752.2 4893.3 4990.1 5106.1 5403.5 5894.5
115.74 214.6 302.78 312.2 348.18 366.8 381.8 392.42 471.21 567.67 670.06 686.79 696.0 696.33 954.85 1063.3 1101.99 1148.5 1340.3 1373.82 1443.1 1472.0 1676.36 1742.05 1763.4 2146.38 2348.3 2373.26 2557.12 2888.11 3009.35 3048.8 3305.0 3505.19 3699.5 3709.3 4250.8 4335.7 4562.3 4735.6 5234.3 5439.5 5602.9 6344.4 6730.6 7637.0 9082.6 10676.3
433.938 931.14 1048.25 1052.78 1314.22 1335.22 1441.18 1539.96 1625.2 1771.161 1957.0 1989.86 2046.65 2098.67 2218.01 2281.21 2282.49 2324.8 2391.4 2397.5 2404.1 2422.0 2477.57 2536.4 2540.2 2548.4 2720.0 2762.2 2863.61 2888.3 3256.41 3280.6 3350.5 3797.31 3962.8 4158.3 4639.8 4776.1 4976.7 5688.7 6821.7
113.4 188.99 245.081 266.343 276.29 287.25 291.434 325.285 326.869 339.53 426.14 433.562 491.59 540.676 604.513 623.482 625.0 673.491 718.0 722.043 791.426 810.595 911.303 941.1 944.967 954.163 981.755 1053.628 1134.696 1232.795 1289.0 1359.413 1361.0 2103.0 2155.0 3030.0 3975.0 4958.0
373.8 813.61 920.77 946.73 1170.66 1212.24 1214.42 1398.24 1470.07 1574.04 1719.06 1889.67 1900.18 1934.47 1988.0 2037.67 2061.0 2089.0 2125.3 2140.0 2141.7 2193.0 2276.1 2293.3 2296.0 2322.06 2332.0 2369.7 2446.54 2474.2 2498.7 2563.8 2686.6 2714.6 2775.0 2790.7 2804.96 2805.2 3109.0 3131.0 3543.0 3968.0 4030.0
72.2 172.18 191.3 195.1 230.8 259.3 275.3 384.2 411.8 450.4 523.8 663.8 788.9 1082.8 1090.2 1207.2
348.79 737.11 883.55 890.4 1096.76 1126.3 1140.4 1363.2 1369.0 1423.4 1551.3 1716.3 1759.7 2004.0 2195.3 2355.0 2755.7
35.08 81.1 151.88 172.55 189.6 252.18 349.13 372.97 408.3 409.26 454.6 500.34 538.7 730.6 741.8 861.2 1080.6
332.5 694.4 852.2 871.9 1011.5 1115.5 1319.8 1391.7 1500.2 1630.3 1983.6 2065.0 2183.6 2215.8 2289.9 2520.2 2598.7 2622.8 2654.6 2789.1 2859.8 2905.6 3104.6 3128.1 3337.7 3443.3 3503.8 3737.9 4147.4 4472.7 5011.7 5255.8
89.18 128.06 253.68 296.07 354.92 406.06 433.73 468.56
340.26 737.84 877.58 1066.21 1109.76 1373.01 1532.3 1558.97 1694.87 1718.21 1732.9 1809.88 1982.4 2005.7 2074.1 2101.0 2275.63 2315.57 2333.1 2343.2 2432.72 2435.5 2448.53 2491.6 2603.25 2617.2 2654.3 2718.01 2812.5 2825.0 2840.4 2868.96 2970.4 3067.4 3091.0 3255.0 3491.6 3630.4 3682.6 3697.3 3805.3 4393.2 4415.9 4504.8 5242.9
34.6 131.8 203.2
