97 120
1289.0 2053.0 2312.0 2343.0
60.55 167.83 220.0 514.99 1066.43 1115.4 1290.6 1404.7 1691.14 1861.1 1863.1 2152.5 2164.9 2544.4 2562.5 2715.7 3716.7 4090.7 4475.7
342.5 506.1 915.9 1014.3 1317.1 1601.8 1645.3 1932.8 1979.8 2202.3 2538.6 3125.2 3759.8 3929.0
69.8 118.4 124.7 155.23 236.15 265.0 303.65 583.39 835.3 886.04 952.06 973.3 1002.1 1039.46 1123.2 1156.4 1212.7 1393.16 1530.4 1574.31 1607.0 1634.7 1723.1 1892.96 1960.2 2047.1 2082.1 2120.7 2242.5 2249.8 2478.8 2549.7 2653.0 2856.7 2894.0 3227.0 3435.4 3595.9 3739.8 3986.9 4005.8 4115.3 4134.8 4612.7 4630.6 5173.9 5329.7 5591.7 6016.3 6067.5 6227.1 6325.9 7623.2 7784.1 8699.0
98.0 274.1 687.01 750.2 797.3 861.4 960.9 1022.74 1195.9 1285.3 1300.99 1324.6 1357.3 1417.52 1474.1 1503.0 1573.35 1598.8 1690.7 1769.44 1783.4 1794.9 1820.7 1859.7 1894.6 1990.1 2016.39 2058.9 2114.33 2129.9 2153.3 2154.5 2243.8 2269.6 2308.1 2387.1 2391.4 2430.1 2447.6 2455.0 2621.02 2679.8 2787.7 2875.6 2909.1 2921.01 2940.0 2943.7 2955.98 3006.3 3010.2 3162.5 3187.69 3209.21 3228.8 3259.5 3373.46 3380.4 3400.4 3430.4 3577.81 3614.56 3795.86 3800.67 3869.27 4158.62 4216.22 4314.13 4571.57 4749.14 5134.19 5299.58 5678.36 6196.81 6917.5 7393.5 8547.3
9.3 97.4 125.3 141.0 156.3 181.0 186.8 336.1 369.6 382.0 490.1 540.2 845.6 921.7 1020.1 1045.6 1200.8 1369.0 1449.0 1548.8 1706.2 1727.2 1765.8 1837.8 1896.0 1965.4 2103.9 2117.0 2203.5 2377.7 2453.4 2614.5 2618.5 2847.0 2889.0 2919.8 3042.6 3157.1 3194.5 3407.2 3711.7 4094.5 4178.1 4680.8 4745.5 5164.0 5644.1 6107.5
27.54 134.45 521.41 590.58 590.79 851.0 1079.91 1083.53 1099.28 1210.83 1257.9 1311.68 1422.07 1461.8 1476.23 1490.9 1552.0 1556.96 1705.18 1776.0 1821.8 1822.01 1828.6 1856.69 1880.0 1901.14 1906.97 1957.97 1968.55 2012.07 2020.53 2022.58 2066.0 2088.99 2125.05 2133.03 2159.0 2167.65 2199.37 2206.6 2230.8 2245.15 2248.4 2273.81 2287.9 2330.27 2356.1 2401.11 2439.45 2440.43 2485.14 2521.09 2529.1 2574.5 2586.97 2597.73 2658.1 2662.09 2707.86 2708.67 2778.1 2796.1 2819.69 2821.9 2855.52 2869.2 2888.84 2914.0 2935.5 2980.61 3005.53 3060.2 3122.2 3188.8 3222.1 3304.2 3321.1 3357.4 3439.0 3599.1 3666.9 3862.0 3936.1 4029.3 4373.3 4444.9 4497.1 4793.6 4961.1 5325.6 5387.4 5829.0 6414.1
6.9 90.6 112.6 130.7 157.4 212.1 231.3 258.4 269.7 284.8 342.7 348.1 383.8 390.5 433.7 463.2 479.8 480.3 503.0 535.0 570.7 579.6 590.2 602.8 644.8 652.2 675.4 699.1 705.0 716.5 741.9 747.3 763.4 796.5 796.6 801.1 832.1 847.3 932.0 945.3 959.6 961.7 999.8 1026.5 1048.3 1061.4 1076.8 1080.9 1094.5 1113.1 1118.6 1185.4 1252.1 1273.5 1309.6 1598.3 1930.9 2179.8 2375.3 2819.6 3300.9 3668.3 3809.3 4329.9 4899.9
25.465 53.137 346.872 433.237 614.6 668.6 877.82 917.28 987.282 1023.69 1042.68 1097.11 1166.26 1243.41 1294.91 1327.923 1345.4 1386.28 1416.09 1441.59 1543.2 1557.9 1572.7 1586.88 1635.78 1656.2 1665.82 1669.55 1681.05 1690.8 1718.79 1733.9 1750.16 1794.63 1858.9 1883.4 1885.7 1922.98 1978.03 1986.34 2022.53 2081.61 2113.46 2144.4 2156.42 2249.58 2256.54 2275.99 2277.2 2298.69 2300.38 2308.33 2313.17 2314.8 2326.03 2327.81 2333.36 2371.77 2400.64 2419.23 2423.1 2429.11 2447.03 2469.69 2473.02 2494.95 2550.68 2584.26 2595.86 2751.16 2761.72 2774.47 2935.7 3007.57 3101.2 3125.14 3175.99 3176.47 3510.49 3927.76 4361.67 4931.7
110.66 205.95 234.65 277.03 328.82 332.62 364.43 389.15 416.62 425.04 449.1 468.84 503.01 518.24 542.53 556.79 565.14 596.05 597.26 602.76 625.7 661.31 676.28 698.2 712.13 721.45 730.43 741.57 765.2 769.68 769.91 773.49 775.64 797.43 812.02 816.46 829.37 835.38 861.58 874.2 881.2 884.2 887.67 902.98 912.34 917.37 923.09 923.65 927.18 933.18 936.46 944.82 961.71 979.14 1001.87 1003.51 1043.87 1063.18 1086.86 1106.33 1123.55 1133.83 1135.66 1145.06 1150.06 1166.8 1224.62 1230.03 1263.09 1288.93 1303.21 1329.54 1387.52 1413.21 1420.73 1450.3 1533.1 1573.41 1764.18 1902.48 1957.63 2033.54 2114.7 2254.13 2272.08 2376.0 2441.77 2571.8 2599.7 2660.97 2745.3 2930.77 3017.6 3257.37 3297.4 3686.8
93.125 125.59 324.81 423.15 773.31 786.59 922.06 949.7 973.3 991.0 1143.06 1146.9 1223.01 1258.89 1325.8 1449.01 1464.7 1577.35 1799.69 1846.0 1924.8 1975.71 2053.54 2065.1 2066.7 2171.99 2176.4 2297.91 2370.5 2411.88 2463.5 2543.08 2664.5 2732.9 2733.68 2748.09 2790.2 2891.91 2923.5 3004.0 3028.58 3034.4 3048.3 3056.25 3148.35 3238.5 3294.5 3297.84 3460.51 3466.57 3520.0 3675.5 3683.02 3723.7 3927.9 3977.84 4023.5 4031.1 4046.4 4102.5 4356.4 4375.1 4397.8 4752.7 4753.0 4773.1 4968.2 5006.7 5246.8 5257.6 5565.3 5575.4 5748.0 5944.9 6319.3 6376.8 6887.8 6912.4 7442.1 8046.6 8718.1
79.13 109.44 155.876 193.07 206.61 215.382 286.7 290.5 294.561 324.495 331.6 338.419 364.237 366.0 376.0 379.242 408.364 420.7 440.2 465.641 471.846 485.056 498.7 508.477 516.843 523.7 534.4 537.5 542.848 563.812 579.11 587.361 598.654 606.53 611.659 615.706 616.943 645.498 656.328 656.652 674.7 679.092 688.1 703.583 705.692 708.845 715.806 719.365 735.0 765.467 779.727 799.674 801.6 803.73 810.1 819.117 858.367 869.302 880.598 899.941 919.0 942.334 960.149 967.455 974.331 1001.804 1002.595 1012.55 1012.724 1013.21 1034.411 1051.566 1051.844 1079.203 1079.817 1091.4 1096.844 1098.0 1106.676 1109.309 1112.254 1143.936 1176.472 1371.8 1435.9 1489.5 1642.5 1669.6 1673.6 1787.4 1942.3 2063.9 2144.5 2275.8 2301.6 2370.5 2370.8 2426.0 2444.1 2538.0 2668.0 2675.1 2710.6 2848.7 2904.7 2908.3 2994.9 3171.6 3189.5 3493.9 3559.3 3607.4 3871.7 4091.6 4181.3 4312.0
88.0341 132.74 311.38 415.21 701.91 707.0 724.35 735.29 773.5 862.76 869.47 912.1 930.8 1090.6 1324.2 1703.0 1894.3 2206.5 2420.0 2479.9 2567.5 2568.4 2660.5 2740.6 2840.8 2940.2 2988.7 3090.2 3203.5 3276.4 3316.7 3575.2 3968.7 4375.8 4886.4 5414.5
1.113 117.59 118.718 191.2 191.623 198.7 236.858 237.05 267.22 271.474 301.7 304.524 338.918 360.621 381.2 411.98 424.71 432.373 456.525 466.89 468.846 471.233 485.776 496.878 525.663 527.511 536.18 549.38 586.8 595.03 613.038 615.134 633.437 653.91 663.472 664.922 683.143 689.46 698.548 706.126 724.65 725.8 748.575 750.877 767.032 773.677 785.66 802.7 811.416 819.002
59.82 130.28 289.71 376.71 391.28 404.86 545.72 568.67 568.8 606.87 641.93 683.05 705.42 710.29 809.17 824.46 845.88 876.63 958.96 986.82 1013.06 1023.98 1062.27 1085.48 1086.64 1119.68 1125.35 1153.41 1159.78 1170.2 1180.16 1198.88 1202.3 1210.38 1262.79 1276.6 1284.6 1299.17 1301.5 1376.8 1388.0 1417.91 1440.44 1441.9 1451.9 1463.62 1467.0 1471.4 1474.6 1496.4 1506.0 1518.68 1542.5 1546.1 1549.6 1574.1 1602.5 1611.7 1621.3 1638.8 1665.3 1674.5 1682.2 1705.11 1705.86 1748.56 1751.6 1765.3 1768.5 1781.67 1798.8 1802.4 1821.59 1905.87 1959.8 1964.7 1965.8 1987.9 2069.4 2087.0 2101.05 2130.8 2352.7
18.5
43.5 139.3 222.08 270.82 273.59 280.0 366.84 369.8 476.7 526.16 607.06 611.31 673.35 781.79 783.16
126.7 136.7 358.5
41.16 166.56 255.48 303.84 342.62 396.51 414.11 564.91 597.41 607.42 635.36 664.16 766.09 787.94
81.9 91.1 114.7 215.8 394.1 569.0
28.6 247.5 323.9
45.79 95.61 125.43 127.63 153.98 250.9 279.37 330.3 370.8 396.45 475.08 563.24 641.82 720.42
130.0 256.0 326.0
203.0
