98 130
1394.7 2082.3 2280.2 2427.5

1004.5 1799.8 2046.9 2096.0 2458.3 2548.6 3011.6 4122.6 4348.6
252.0 891.1 1143.7 1672.6 1799.0 2127.7 2284.8 2301.2 2404.1 2479.8 2638.3 2918.1 3034.1 3062.3 3398.5 3561.1 3657.3 3700.8 3717.6 3739.5 3991.3 4062.3 4217.3 4288.6 4380.9 4504.2 4687.9 5039.4 5128.2 5612.7 6014.4 6077.4 6105.0 6131.0 6262.8 6363.2 6531.9 6824.8 7099.6 7178.9
776.55 1637.9 2035.2 2230.8 2387.3 2403.5 2561.3 2718.6 2829.4 2874.5 2987.7 3052.9 3908.4 4277.0 4518.3
187.89 201.75 391.8 569.5 726.29 740.02 908.01 916.69 1079.0 1104.7 1107.6 1307.9 1326.9 1347.3 1368.8 1480.8 1512.6 1598.2 1604.9 1662.0 1670.94 1744.8 1779.9 1790.1 1830.1 1902.6 1919.9 1972.2 1996.9 2052.9 2086.4 2161.1 2184.67 2296.3 2314.05 2342.6 2452.6 2571.4 2611.91 2781.3 2794.7 2799.21 3077.19 3133.01 3253.21 3492.9 3570.9 3596.65 3658.61 3766.74 3830.3 4000.51 4025.64 4096.11 4545.72 4813.61 4836.25 5041.55 5098.7 5547.42 5714.21 6045.17 6488.73 6777.16 8010.97
657.99 1492.0 2114.3 2296.2 2370.2 2435.5 2492.2 2531.7 2539.4 2607.3 2614.0 2616.9 2723.6 2758.7 2773.6 2843.9 2869.4 2903.1 3031.5 3080.4 3110.5 3136.7 3194.4 3211.3 3239.8 3252.7 3298.1 3391.6 3498.3 3616.3 3654.3 3727.2 3737.6 3788.5 3830.2 3887.8 3904.9 3949.6 4039.1 4102.3 4151.1 4155.1 4253.7 4311.0 4329.2 4394.9 4399.4 4399.6 4465.3 4498.4 4518.5 4736.9 4742.0 4812.5 4819.3 5148.9 5160.3 5454.6 5575.7 5673.5 5784.3 5796.2 5926.9 6126.2 6222.4 6244.7 6245.0 6265.0 6331.6 6664.1 6988.9 7012.7 7153.5 7194.4 7280.8 7784.3 8126.5 8166.1 8331.1 8440.5 9091.6 9123.5 9202.4 9691.6 10438.0 10635.2 11292.2 11865.7
131.14 196.06 260.27 604.37 766.46 770.86 799.62 832.37 1114.79 1139.69 1162.65 1182.36 1327.92 1386.65 1439.65 1495.06 1578.39 1579.17 1608.72 1625.41 1635.26 1686.38 1701.9 1728.72 1822.8 2059.8 2142.76 2194.0 2277.68 2307.9 2365.19 2371.77 2390.9 2420.09 2488.1 2517.3 2552.31 2587.4 2643.1 2677.22 2853.2 3164.85 3202.99 3337.6 3342.9 4247.9 5291.9
632.64 1493.78 1716.53 1795.25 2104.53 2144.06 2252.2 2254.0 2304.92 2330.56 2338.55 2347.55 2370.62 2378.5 2468.42 2485.72 2491.66 2503.08 2521.9 2561.37 2566.26 2629.2 2630.08 2717.86 2720.56 2824.58 2889.57 2918.2 2920.14 2924.8 2933.65 2936.15 2973.33 3015.35 3018.8 3020.74 3044.13 3059.84 3072.82 3084.38 3092.88 3094.0 3118.8 3119.72 3126.18 3222.65 3235.24 3245.43 3283.97 3320.15 3322.69 3328.15 3329.28 3367.16 3394.2 3409.65 3426.9 3462.0 3472.81 3485.92 3494.7 3507.79 3543.6 3547.6 3641.82 3678.88 3679.29 3698.3 3710.9 3787.39 3902.0 4106.33 4113.86 4120.95 4175.1 4179.5 4183.04 4243.57 4324.42 4420.7 4436.02 4574.3 4659.71 4794.0 4902.8 4967.55 5130.76 5214.06 5241.0 5252.43 5822.0 5912.0 5976.4 6265.0
204.98 320.92 365.31 457.8 505.49 702.34 809.01 840.2 845.54 905.6 919.43 921.69 933.04 998.61 1059.5 1158.6 1213.52 1236.08 1244.59 1268.32 1278.95 1319.65 1360.31 1377.37 1420.53 1525.55 1530.49 1573.14 1590.72 1645.81 1653.5 1675.3 1712.8 1719.43 1731.1 1763.93 1776.38 1781.41 1869.87 1876.75 1885.32 1908.84 1920.18 1922.18 1923.27 1962.94 2006.31 2064.4 2082.2 2146.11 2158.47 2183.4 2204.06 2209.97 2256.86 2279.0 2284.78 2304.36 2309.59 2342.86 2366.1 2405.7 2421.6 2447.62 2462.54 2504.45 2545.9 2547.9 2584.1 2637.9 2652.6 2678.88 2700.9 2764.23 2806.79 2811.9 2818.7 2875.49 2922.2 2986.1 3001.8 3049.0 3063.2 3114.48 3117.9 3217.1 3579.9 3803.0 4009.3 4164.6 4182.2 4190.5 4364.0 4502.5 4527.0 4876.6 5018.6 5229.0 5231.2 5315.0 5334.0 5565.0 5614.0 5815.6 5900.0 6035.0 6183.3 6390.0 6546.0 6616.0 6680.0 6852.0 6922.2 7221.0 7316.8 7832.0 8048.0 8187.0 8670.8 9622.0 9856.0 10221.0 11117.0 11228.0 11852.0
632.986 1508.465 1601.836 1720.65 1913.43 2145.854 2162.717 2202.22 2239.347 2365.77 2374.56 2486.3 2541.38 2555.23 2565.22 2601.65 2619.97 2645.62 2677.99 2682.61 2707.06 2738.89 2762.76 2805.04 2807.91 2810.1 2816.61 2819.97 2876.02 2912.32 2936.113 2975.39 2993.1 2994.1 3005.63 3031.43 3046.7 3057.57 3081.78 3110.49 3171.04 3181.69 3189.68 3194.81 3223.83 3248.83 3264.92 3267.68 3292.55 3294.32 3316.34 3326.02 3367.54 3453.36 3474.69 3482.21 3485.21 3535.83 3540.26 3554.87 3559.61 3683.27 3737.51 3812.0 3816.36 3826.0 3860.97 3872.26 4043.2 4152.68 4179.36 4188.21 4196.5 4240.03 4251.45 4525.44 4568.66 4618.3 4708.79 4755.74 4826.15 5125.12 5179.98 5502.62 5574.29 5589.0 5591.82 5639.56 5760.67 5837.54 5982.5 6076.71 6124.36 6251.65 6404.2 6458.92 6488.03 6598.6 6891.08 7212.8 7214.0 7275.4 7383.4 7386.1 7529.0 7564.2 7725.4 7740.8 7796.7 7862.2 7913.3 8102.3 8185.5 8284.0 8317.3 8355.0 8534.9 8544.2 8584.8 8640.5 8671.1 8824.5 8965.0 8999.4 9175.0 9326.1 9420.2 9757.4 9879.5 9894.4 9897.3 10293.6 10413.2 10532.8 10677.9 10976.6 11018.6 11906.8 11914.9 12489.3 3421.6 5218.7 7083.4 9021.6 11037.5 13133.8 15310.4 17566.4 19902.7 3130.0 4796.0 6540.0 8361.0 10262.0 12244.0 14306.0 16450.0 18676.0 20979.0
59.6 203.3 347.5 426.3 463.0 623.8 673.2 721.7 822.6 891.1 929.4 985.5 997.3 1066.4 1106.0 1121.1 1133.6 1173.2 1219.3 1318.7 1352.0 1388.3 1417.7 1425.2 1458.7 1475.7 1479.6 1539.3 1580.4 1593.3 1622.4 1633.4 1729.9 1772.6 1789.2 1813.4 1821.2 1854.1 1859.8 1869.2 1937.5 1943.8 1955.8 1988.9 2033.9 2046.4 2064.5 2065.4 2111.6 2141.5 2166.4 2198.9 2234.0 2271.3 2282.6 2325.7 2372.1 2391.5 2591.0 2687.61 2700.48 2861.3 2866.79 2942.9 2973.99 3043.4 3058.5 3282.6 3344.6 3355.3 3371.8 3382.6 3410.72 3524.4 3550.3 3570.1 3615.7 3621.07 3897.4 3910.6 3938.9 4022.0 4031.3 4088.4 4233.2 4247.0 4293.6 4296.58 4432.37 4458.7 4590.9 4630.8 4698.0 4725.05 4875.3 5051.33 5063.0 5083.75 5122.5 5261.8 5279.8 5399.78 5441.4 5672.0 5731.3 5775.65 5861.7 5954.9 5972.0 6155.8 6164.6 6240.7 6519.1 6573.3 6703.7 6796.1 6862.0 7011.0 7077.7 7244.3 7385.8 7555.1 7822.1 7909.5 8202.6 8429.1 8599.1 9378.4 9569.7 11132.7
657.7645 1473.12 1475.8 1542.454 1731.33 1783.484 1809.48 2078.861 2162.817 2220.077 2250.551 2287.45 2332.08 2355.81 2433.25 2477.38 2479.946 2481.59 2539.69 2561.317 2566.46 2633.17 2649.95 2659.882 2662.4 2705.684 2707.413 2758.25 2787.37 2793.433 2842.692 2869.2 2876.811 2879.23 2895.986 2917.63 2926.763 2975.29 2984.49 2984.63 3008.4 3029.086 3043.88 3055.776 3064.6 3074.952 3078.36 3101.9 3121.62 3128.4 3135.15 3171.1 3184.54 3187.354 3193.0 3208.75 3239.83 3256.48 3275.446 3277.79 3298.13 3314.44 3334.83 3340.82 3345.838 3359.06 3366.8 3391.212 3403.45 3427.337 3439.731 3466.42 3475.42 3492.66 3493.1 3525.27 3596.43 3611.052 3634.68 3641.14 3683.19 3726.58 3771.77 3781.98 3791.3 3823.31 3992.84 4077.173 4172.085 4172.73 4182.01 4334.31 4421.64 4438.16 4559.15 4619.9 4736.85 4888.3 4930.3 5026.34 5092.0 5114.0 5248.7 5497.0 5499.8 5676.1 5758.7 5789.8 5857.0 5892.9 5915.3 5967.0 5984.4 6079.8 6100.7 6101.6 6178.3 6181.3 6216.7 6354.5 6489.6 6543.8 6568.6 6576.1 6584.3 6645.9 6671.0 6672.5 6798.7 6837.0 6879.4 6963.0 6992.9 7047.0 7184.1 7280.8 7285.6 7325.2 7342.1 7443.2 7523.2 7575.4 7594.4 7653.5 7758.8 7778.2 7797.5 7800.9 7945.7 7969.7 8016.3 8277.8 8292.1 8373.1 8405.2 8481.1 8530.5 8595.4 8629.7 8648.2 8862.1 8967.7 9106.6 9430.2 9574.2 9962.2 9971.7 9991.2 10229.1 10495.6 10665.0 11320.3 11451.0 11454.7 12081.6 12763.0 13032.7 14206.0
245.39 342.135 396.214 416.72 620.18 680.48 704.93 752.81 754.9 831.26 853.94 855.6 864.8 866.6 967.9 986.53 1016.76 1046.76 1057.49 1078.25 1115.56 1118.41 1151.0 1185.73 1189.96 1256.59 1274.68 1288.89 1298.58 1321.61 1325.94 1326.62 1339.72 1340.67 1341.33 1346.19 1391.81 1472.98 1506.05 1511.57 1546.33 1552.1 1552.44 1565.72 1613.32 1666.0 1682.75 1691.95 1717.47 1739.73 1789.3 1800.94 1826.71 1828.63 1842.5 1849.0 1852.1 1907.4 1921.1 1971.8 1974.75 1992.71 2005.8 2016.0 2038.6 2045.29 2096.95 2134.88 2147.5 2154.21 2165.6 2195.7 2226.3 2236.1 2242.5 2280.5 2325.6 2331.5 2382.9 2446.1 2475.3 2495.1 2556.9 2588.2 2653.2 2692.3 2709.9 2714.5 2733.2 2740.1 2768.4 2847.0 2860.1 2950.88 2977.9 3076.11 3100.6 3126.4 3230.3 3717.4 3763.0 4555.9 5501.7 6648.8 7951.2 9407.2
617.52 1224.46 1312.391 1415.58 1433.19 1468.86 1870.75 1871.0 2005.33 2064.58 2081.754 2121.71 2156.19 2168.032 2231.1 2300.6 2373.316 2403.15 2416.18 2454.43 2493.38 2506.65 2506.88 2570.2 2571.642 2591.1 2665.76 2669.19 2674.1 2711.35 2723.69 2765.7 2793.95 2817.76 2829.32 2832.0 2840.36 2850.0 2866.82 2881.262 2899.21 2921.22 2932.01 2935.633 2962.0 2970.43 2972.5 3028.31 3068.0 3075.27 3093.17 3131.02 3169.3 3176.62 3230.558 3239.22 3248.4 3252.84 3291.65 3303.3 3318.279 3322.668 3370.4 3375.54 3376.17 3384.68 3393.1 3399.25 3430.16 3494.32 3528.95 3542.85 3571.3 3584.58 3658.89 3684.264 3685.38 3737.22 3785.85 3809.556 3913.942 3930.84 3966.71 3990.47 4126.02 4174.69 4283.48 4284.46 4285.38 4383.26 4385.34 4467.99 4587.39 4687.42 4871.52 5106.27 7632.0
263.54 298.597 316.206 458.633 522.259 583.962 638.19 680.526 708.571 815.34 816.707 855.28 869.81 878.54 883.62 897.53 939.788 988.4 999.42 1002.87 1007.2 1034.09 1037.4 1047.65 1049.66 1051.248 1109.32 1124.636 1126.25 1177.723 1181.35 1190.72 1192.09 1194.6 1195.3 1209.53 1214.674 1261.92 1268.21 1279.62 1301.07 1313.75 1322.03 1327.6 1346.53 1351.58 1364.76 1367.569 1387.47 1390.56 1395.83 1405.82 1407.5 1410.68 1450.3 1461.67 1479.08 1493.03 1504.9 1513.72 1542.28 1561.69 1575.66 1607.21 1620.43 1626.41 1647.23 1657.41 1658.51 1670.89 1675.09 1732.84 1737.53 1743.56 1746.0 1778.92 1798.89 1823.24 1842.74 1867.86 1871.7 1892.32 1896.44 1902.41 1903.97 1904.35 2037.76 2042.06 2046.23 2113.04 2146.81 2164.48 2173.6 2219.64 2319.62 2759.33
558.456 1134.532 1209.708 1283.739 1305.609 1364.344 1732.246 1841.947 1859.698 1864.262 1932.077 1958.094 1990.3 2048.026 2152.266 2204.561 2218.86 2298.93 2317.1 2384.76 2387.3 2391.5 2400.2 2412.5 2437.64 2456.005 2460.757 2465.2 2525.42 2535.81 2553.87 2580.357 2636.52 2650.12 2660.9 2669.3 2701.066 2749.265 2756.92 2767.85 2788.501 2799.99 2806.59 2812.05 2820.22 2936.12 2953.244 2957.26 2999.56 3002.22 3052.9 3077.44 3108.64 3143.3 3157.16 3167.1 3206.0 3213.2 3218.56 3258.093 3315.7 3445.1 3501.15 3711.3
229.1 360.5 393.9 417.2 472.7 473.8 507.3 649.1 719.9 749.4 776.6 962.7 1092.1 1126.3 1224.6 1317.3 1358.3 1485.6 1742.1 2077.7 2113.2 2156.1 2183.9 2314.4 2383.5 2486.5 2494.1 2526.9 2569.1 2635.9 2659.4 2680.4 2713.9 2906.3
513.49 1212.995 1219.444 1282.556 1380.306 1642.495 1915.811 1921.547 1928.44 1951.361 2026.66 2037.04 2041.9 2118.42 2188.7 2194.9 2248.834 2291.6 2292.47 2293.2 2293.7 2296.29 2339.77 2376.45 2377.073 2391.49 2435.02 2478.12 2503.82 2517.47 2564.7 2604.85 2627.7 2653.9 2672.9 2693.0 2720.08 2727.25 2759.8 2764.6 2779.7 2782.6 2786.14 2803.0 2810.5 2817.6 2822.06 2824.0 2828.2 2828.6 2862.44 2873.0 2909.78 2957.9 3014.74 3040.0 3118.18 3175.67 3217.0 3299.3 3346.94 3382.3 3398.6 3433.3 3472.1 3578.4 3916.1 4059.2 4380.4
135.4 278.4 293.5 337.7 426.2 442.6 498.0 522.1 605.7 665.2 690.8 820.1 863.3 1073.2 1079.8 1277.0 1352.3 1355.9 1609.0 1784.2 1995.4 2013.2 2192.1 2301.6 2354.6 2382.6 2514.1 2554.5 2641.2 2888.3 3000.8 3032.4
487.77 1164.94 1269.55 1285.61 1615.07 1915.77 1929.14 1935.94 2073.69 2091.61 2182.14 2223.33 2322.31 2471.84 2590.9 2621.0 2640.55 2756.0 2788.72 3017.9 3031.85 3181.73 3224.32 3265.77 3329.0 3381.8 3579.0 4367.0
27.0 213.91 228.27 393.21 399.17 427.28 525.0 570.84 655.52 806.14 866.47 924.26 1053.65 1086.84 1130.82 1278.82 1401.77 1538.83 1925.52 2088.21 2424.2 2442.54 2676.52 2813.51 2862.4
505.9 1203.7 1323.0 2033.7 2129.5
7.5 314.68 329.9 353.45 369.34 500.59 508.4 602.55 725.38 744.85 879.98 936.48 989.46 1071.08 1095.86 1118.27 1170.71 1191.6 1208.04 1233.85 1241.11 1243.56 1249.21 1341.08 1371.01 1400.7 1510.28 1516.35 1617.54 1685.63 1812.02 1823.5 1841.4 1908.25 1925.5 1988.75 2100.8 2134.2 2162.7 2165.64 2327.9 2405.4 2416.3 2444.0 2518.41 2676.1 2717.5 2798.01 2825.3 2872.68 2881.3 2946.8 3015.2 3048.4
569.45 1329.15 1367.83 1979.35 2177.0 2822.0
116.4 263.867 409.76 440.09 463.78 553.72 591.29 672.44 690.81 704.92 743.73 1005.62 1010.08 1061.44 1528.86 2239.9 2601.0 2787.36 2902.42 2910.22
613.33 1385.5 1428.2 1729.3 1846.7 1962.7 2221.2 2385.5 2717.4 2771.3 2841.4 3097.4



645.0 1429.0

957.0
