101 130
1309.0
144.7 979.6 1281.61 1471.21 1663.3 1912.81 2040.0 2262.0
631.7 1077.7 1272.87 1795.3 2110.3 2925.5 3247.9 3686.8 4192.4 4589.9 4810.8 5098.3 5342.6 5570.6 5703.8 5852.6 6192.0 6229.0 6303.4
85.389 93.22 93.48 213.011 226.19 241.34 396.06 738.19 933.63 1139.25 1140.63 1344.25 1382.4 1411.45 1441.6 1571.18 1586.6 1633.3 1818.2 1879.76 1928.61 1944.02 2004.71 2031.2 2415.2 2529.1 2696.17 2868.98 2985.0 3061.61 3102.64 3323.16 3560.65 3566.2 3817.17 3835.9 3965.54 4071.7 4103.04 4326.07 4437.71 4642.93 5203.88 5625.56 6152.69
674.1
123.2 151.1 203.7 223.6 253.0 306.2 390.0 506.3 753.3 758.9 893.0 1218.7 1418.2 1602.2 1626.8 1925.3 2146.7 2728.9 3180.3 3454.8 3781.0
678.5 1001.25 1107.1 1129.3 1166.1 1396.0 1414.8 1423.3 1490.9 1518.9 1540.6 1733.0 1805.6 1853.6 1864.6 1910.5 1937.3 1941.3 1972.7 2004.0 2314.8 2320.2 2416.8 2431.2 2465.5 2795.2 2889.0 3223.8 3283.3 3314.7 3442.2 3537.0 3646.2 3742.6 3752.0 3852.4 3853.0 4039.2 4103.0 4213.0 4650.6 4723.0 4787.0 4890.0 4902.0 5075.0 5182.7 5211.0 5502.0 5566.0 5655.0 6070.0 6989.0
96.91 198.38 230.72 247.69 266.06 288.89 302.51 481.57 598.45 632.94 681.63 698.88 764.27 867.97 957.0 982.35 1010.12 1028.26 1037.44 1070.43 1086.16 1094.79 1109.84 1113.85 1114.41 1119.3 1158.72 1166.96 1178.48 1183.47 1191.44 1212.71 1260.74 1266.47 1270.59 1294.03 1309.76 1314.97 1332.4 1358.11 1396.0 1401.48 1410.89 1415.77 1422.58 1456.81 1469.36 1486.32 1497.92 1532.1 1542.94 1555.66 1562.92 1590.31 1612.08 1629.63 1633.0 1707.0 1860.9 2084.3 2364.0 2406.5 2465.4 2514.5 2620.0 2661.3 2695.0 2814.7 2820.0 2879.0 3006.7 3045.5 3063.0 3102.0 3273.0 3381.2 3403.0 3424.0 3675.4 3837.0 3876.2 3908.2 4050.0 4327.0 4348.0 4441.1 4463.0 4493.3 4514.0 4569.5 4697.6 4770.0 4878.0 5127.0 5154.0 5601.0 5782.0 5889.0 6166.0 6709.0 6711.0 7713.0
650.1 981.4 1026.4 1099.2 1172.1 1320.8 1428.3 1441.4 1463.6 1482.2 1483.1 1573.9 1712.9 1722.3 1759.2 1816.8 1901.3 1956.9 2055.2 2064.4 2101.8 2125.9 2138.3 2151.3 2195.2 2218.5 2235.8 2271.0 2272.2 2276.5 2305.3 2322.0 2356.2 2411.0 2468.0 2508.5 2532.4 2541.8 2560.9 2564.2 2574.8 2591.6 2602.7 2617.0 2785.4 2808.7 2813.2 2845.5 2851.9 2858.6 2868.7 2871.0 2919.8 2924.5 2942.9 2957.9 2986.9 3013.4 3029.7 3034.8 3050.6 3065.6 3067.3 3092.0 3122.4 3140.0 3202.4 3273.8 3285.8 3316.7 3360.9 3374.6 3395.6 3410.3 3418.5 3427.3 3461.8 3484.8 3517.1 3800.1 3976.8 4037.1 4473.8 4508.3 4832.3 5055.6 5241.5 5423.2 5796.7 5905.0 6258.9 6385.7
202.39 321.2 334.1 342.55 346.33 366.54 413.488 437.16 541.25 568.4 714.47 756.48 793.04 799.856 808.08 856.27 886.42 887.4 958.46 970.89 989.83 1006.07 1017.87 1020.82 1023.4 1049.88 1062.73 1118.47 1119.82 1134.08 1176.23 1190.93 1204.88 1216.83 1230.05 1239.91 1254.91 1259.41 1280.23 1303.3 1390.7 1441.75 1482.36 1494.01 1507.11 1529.81 1561.77 1563.0 1617.49 1693.66 2129.2 2175.05 2492.6 2597.1 2765.3 2838.4 3193.0 3374.3 3513.1 3714.8 3720.7 3915.3 3944.5 4080.3 4229.9 4368.9 4532.4 4599.0 4801.5 5086.1 5282.5 5649.5 5652.0
536.95 802.94 1101.8 1152.85 1187.62 1217.51 1280.8 1344.74 1350.5 1401.15 1461.6 1500.47 1542.62 1610.08 1671.24 1752.6 1831.57 1846.5 1849.53 1867.3 1914.88 1917.4 1935.4 1969.6 1994.67 2002.62 2032.27 2034.6 2067.0 2082.5 2090.01 2107.09 2112.26 2142.16 2179.53 2201.19 2212.2 2228.14 2235.25 2238.55 2246.71 2259.43 2264.6 2271.95 2287.23 2290.7 2297.64 2311.2 2323.32 2340.3 2364.67 2402.4 2439.48 2461.65 2479.77 2529.9 2567.9 2580.8 2582.6 2602.5 2614.08 2620.66 2647.5 2650.4 2659.4 2675.6 2697.3 2699.07 2707.62 2716.9 2724.3 2737.8 2748.33 2759.9 2767.8 2768.8 2772.5 2780.0 2797.9 2802.5 2825.69 2841.0 2861.3 2892.93 2905.03 2920.0 2926.4 2935.18 2941.35 2968.0 2979.8 2997.8 3019.5 3041.33 3043.6 3062.8 3071.2 3104.6 3129.7 3157.3 3164.4 3177.96 3199.19 3209.3 3214.7 3222.0 3259.3 3266.5 3363.0 3405.4 3425.0 3452.6 3461.5 3588.7 3862.2 4020.5 4167.0 4200.0 4981.0 5873.0 6826.0 7863.0 8972.0 10179.0 11490.0 12870.0 14318.0
156.59 162.9 206.701 350.76 456.46 562.81 592.11 594.92 613.69 624.36 670.21 676.26 728.94 729.85 790.24 795.27 800.59 822.26 833.07 883.73 918.87 924.67 928.67 1007.4 1037.66 1062.92 1150.96 1212.19 1212.32 1221.52 1250.87 1260.5 1261.35 1279.68 1286.35 1286.8 1388.93
391.699 646.833 1024.24 1029.63 1063.88 1106.42 1131.45 1173.06 1191.11 1344.9 1351.01 1380.76 1453.0 1471.87 1496.38 1504.0 1509.0 1535.92 1552.0 1567.05 1569.54 1618.88 1630.56 1675.47 1684.12 1689.6 1707.35 1760.27 1768.04 1802.3 1822.53 1835.71 1865.33 1914.1 1920.77 1937.87 1947.56 1999.12 2032.73 2039.72 2051.43 2063.99 2070.09 2095.38 2118.32 2144.53 2164.9 2170.32 2180.8 2183.22 2224.8 2233.2 2253.38 2281.04 2283.5 2295.25 2331.25 2339.46 2371.65 2378.17 2383.82 2391.5 2396.1 2442.8 2475.29 2515.5 2556.99 2560.61 2654.1 2664.1 2665.0 2669.6 2728.01 2783.84 2786.0 2853.9 2880.9 2904.8 3023.4 3050.6 3071.6 3122.4 3172.1 3194.5 3214.2 3249.6 3280.2 3290.1 3305.9 3350.9 3397.5 3599.2 3743.9 3788.3 3854.2 3866.9 3968.1 3973.0 4090.0 4377.8 4431.0 4431.9 4441.0 4606.0 4715.3 4800.3 5062.4 5126.2 5259.2 5393.0 5448.0 5731.0 5734.8 5790.6 6113.9 6187.6 6476.0 7215.9
190.29 221.04 287.73 497.162 501.93 536.27 574.46 600.44 627.98 641.7 687.49 693.39 696.4 724.9 728.61 775.28 825.76 835.72 909.71 969.32 1003.35 1006.3 1018.63 1019.48 1032.16 1036.85 1044.84 1059.4 1062.73 1073.8 1111.68 1138.34 1155.56 1163.42 1169.8 1198.92 1201.64 1271.07 1304.2 1311.98 1321.53 1329.41 1349.03 1394.65 1425.0 1432.0 1484.5 1576.0 1585.0 1616.0 1679.0
336.244 597.144 828.588 864.139 933.78 941.424 1041.44 1078.16 1132.576 1192.491 1287.41 1290.592 1347.5 1418.249 1448.787 1463.5 1478.49 1486.11 1497.2 1602.3 1608.1 1736.9 1801.0 1830.9 1872.4 1917.6 1971.6 1978.3 1999.1 2057.3 2071.0 2107.82 2113.7 2136.79 2170.7 2234.0 2264.0 2282.99 2283.4 2309.7 2384.6 2393.0 2443.13 2479.7 2529.7 2539.09 2540.73 2580.0 2739.94 2746.29 2746.7 2827.5 2852.2 2896.7 2905.5 2994.4 3038.89 3042.9 3158.2 3220.7 3231.5 3272.0 3289.0 3384.59 3386.6 3395.1 3475.7 3684.7 3701.1 3822.1 4035.5 4048.5 4245.3 4698.6 4715.6
223.33 272.966 289.66 313.476 350.576 366.418 373.373 425.93 448.032 458.942 460.0 508.241 554.979 556.849 648.916 658.073 665.616 728.865 735.688 744.823 760.997 771.14 787.18 789.372 790.921 813.346 829.131 850.491 875.287 892.667 910.77 920.81 949.305 951.476 970.302 1007.663 1015.495 1019.038 1031.226 1052.68 1057.34 1070.89 1081.58 1081.871 1152.4 1167.04 1204.36 1213.456 1285.83 1374.43 1399.77 1451.07
315.302 588.654 659.761 748.07 749.483 880.717 1028.04 1051.712 1065.981 1209.03 1234.6 1365.52 1376.28 1432.919 1439.38 1468.67 1554.48 1609.39 1612.0 1712.54 1784.96 1855.62 1891.925 1957.36 1997.323 2022.22 2064.15 2095.03 2096.45 2109.83 2112.99 2171.74 2311.717 2322.75 2327.8 2345.5 2400.38 2405.28 2414.2 2417.44 2439.9 2455.97 2462.5 2476.21 2540.81
200.0
311.37 604.18 654.27 720.6 788.26 941.43 1025.02 1044.44 1050.21 1143.0 1203.71 1353.1 1388.39 1436.44 1624.94 1769.97 1806.59 1920.99 2021.35 2064.15 2104.3 2126.93 2338.04 2359.54 2367.95 2389.18 2422.54 2487.21 2520.3 2524.57 2526.6 2554.4 2564.64 2564.8 2667.86 2672.19 2798.7

312.98 637.94 987.75 1020.84 1040.34 1078.58 1181.56 1197.79 1315.24 1408.02 1460.2 1483.3 1487.12 1504.03 1759.8 1792.53 1960.68 1966.0 1988.4 2059.39 2114.84 2134.21 2136.46 2160.1 2222.08 2265.02 2292.0 2299.53 2331.9 2336.9 2357.6 2364.88 2369.75 2382.05 2396.4 2455.08 2472.74 2477.62 2491.85 2503.8 2510.78 2523.25 2538.86 2562.36 2581.4 2611.76

698.55 1027.39 1052.29 1137.51 1165.801 1473.79 1512.12 1566.27 1615.76 1926.34 2020.69 2029.85 2100.95 2102.74 2136.61 2158.63 2178.45 2185.7 2267.95 2309.59 2354.69 2377.27 2393.31 2429.52 2461.49 2501.03 2529.17 2529.42 2541.34 2602.2 2617.81 2723.54
36.53 179.88 242.68
796.46 1027.26 1099.49 1173.082 1219.73 1563.8 1577.63 1588.58 1653.6 1810.39 1909.72 1958.28 1970.92 2064.64 2101.5 2147.18 2217.85 2248.44 2251.06 2252.66 2255.58 2290.25 2349.45 2360.77 2370.9 2378.2 2381.28 2392.605 2411.5 2459.86 2497.45 2507.6 2572.79 2585.04 2616.31 2631.6 2640.32 2641.22 2641.92 2783.3 2802.03 2818.79 2863.23
260.09 555.4 585.45 625.61 688.23
985.6 1066.26 1202.28 1235.16 1353.8 1611.44 1642.3 2730.31 2741.0 2756.7 2825.1 2852.0 2893.95 3589.5
247.87 315.86 710.37 1172.88

1395.0
