102 133
1472.0 1969.0

1260.1 1942.7 2257.2 3440.2 3980.2 4721.7 5838.9 6033.4 6084.5 6431.5 6469.5 6581.0 6854.0 7125.1 7997.6 8443.0 8990.0 9587.0 9998.0

1206.0 2017.0 2321.0 3476.0 4128.0 4388.0 5288.0 5536.0 6248.0 6702.0 7376.0 7588.0 7794.0 7854.0 8001.0 8034.0 8205.0 8547.0 9089.0 9538.0 9976.0 10025.0
151.2 1221.8 1280.1 1349.1 1370.6 1666.8 1942.4 2010.4 2066.2 2143.8 2207.7 2730.8 2802.8 3098.5 3460.2 3617.2 3826.0 4208.5 4260.9 4553.0 4631.0 4979.1 5196.0 6044.7
1206.07 2111.11 2155.13 2364.46 2479.0 2624.68 2640.6 2804.6 2817.25 2855.04 2975.95 3074.8 3560.38 3586.46 3714.0 3870.21 3929.9 4000.6 4145.69 4159.54 4176.24 4256.0 4398.95 4500.34 5062.1 5140.71 5316.94 5416.07 5699.4 5753.91 5756.4 5765.52 5959.22 5970.4 6070.22 6099.14 6163.2 6315.98 6374.6 6493.75 6530.13 6665.94 6885.86 7028.6 7035.9 7183.57 7195.0 7200.9 7299.6 7480.4 7607.26 7646.3 7789.9 7790.1 7992.1 8037.8 8079.0 8117.19 8330.5 8351.0 8635.4 8695.5 8701.3 8893.0 8933.9 9105.5 9170.5 9232.9 9579.1 9720.6 9773.9 9907.5 10053.2 10062.3 10355.9 10571.4 10836.6 10954.4 11004.5 11026.6 11865.5 11902.6 12251.8 12944.5 13061.5 13607.8 14123.5 14447.5 15121.6 15479.8 16024.1 16826.7 17022.7 17801.5 18722.0 18764.2 18801.0 19802.8 20340.6 20746.2 22063.4 22087.9 22987.0 23935.5 25559.6
12.9 544.94 664.45 678.65 891.0 925.4 992.0 1062.8 1078.0 1238.3 1256.4 1268.4 1343.5 1495.7 1928.4 2088.7 2113.9 2349.1 3263.9 3298.8 3313.8 3343.9 3472.3 3525.4 3862.1 3924.2 4259.7 4449.0 4607.4 4982.6 5128.1 5169.8 5283.4 5448.4 5847.7 5990.6 6221.9 6335.0 6822.6 7192.3 7230.9 7722.6 8121.5 8260.9 8724.6 9142.5 9328.5 9344.9 9863.6 10131.5 10284.5 10507.0 11067.5 11147.6 11581.5 11702.0 11797.0 12186.5 12342.0 12594.0 12976.0 13090.5 13153.0 13486.5 13769.0 14425.0 14638.0 14831.5 14905.0 15010.6 16068.0 16224.0 16270.0 16756.0 16777.0 17718.0 17905.0 18729.0 18878.0 19395.0 19946.0 20908.0 21273.0 22215.0 23381.0 24741.0
1211.88 2120.92 2196.92 2455.5 2477.7 2545.5 2694.4 2753.8 2802.3 2821.3 2833.4 2914.7 2948.1 2964.8 2977.0 3182.8 3222.5 3446.6 3540.4 3629.7 3687.0 3765.2 3812.5 3884.9 3933.1 4316.8 4779.2 4894.9 5005.9 5108.7 5227.3 5330.1 6036.3 6777.7 7586.5 8490.9 9495.3
154.48 254.72 643.55 755.36 979.6 1032.6 1151.7 1235.6 1276.6 1302.0 1347.8 1478.2 1578.0 1693.0 1823.0 1890.0 1988.0 1995.8 2031.0 2062.3 2065.2 2090.0 2100.3 2188.2 2192.0 2216.8 2257.5 2284.0 2313.0 2363.0 2386.0 2523.6 2983.8 3124.0 3228.2 3306.8 3323.1 3459.4 3621.1 3789.4 4074.0 4445.0 4838.0 4876.0 5746.0 6689.0 7685.0 8739.0
1256.85 2151.09 2190.9 2247.62 2354.53 2476.2 2521.05 2549.3 2556.6 2721.56 2756.19 2783.92 2913.4 2917.71 2926.78 2945.96 2967.0 3078.87 3093.07 3149.41 3248.81 3286.39 3354.43 3384.54 3414.19 3417.77 3430.7 3456.48 3524.79 3530.44 3553.98 3693.73 3814.08 4077.85 4582.64 4680.0 4819.7 4929.0 5564.7 5684.9 6362.0 6399.0 7208.0 7213.0 8084.0 8145.0 9046.0 9184.0 10077.0 10332.0
77.386 409.82 498.06 738.4 1013.93 1018.07 1248.7 1284.05 1314.03 1355.9 1472.54 1539.0 1539.9 1556.34 1646.06 1647.1 1651.61 1732.22 1744.8 1781.1 1821.0 1831.0 1867.27 1906.7 1909.63 1935.4 1945.3 1952.1 1957.05 2031.4 2039.88 2045.46 2128.13 2135.0 2176.26 2200.7 2258.6 2275.8 2336.7 2385.76 2410.8 2448.37 2457.11 2467.9 2506.0 2512.0 2538.26 2540.1 2552.4 2582.3 2590.76 2616.7 2619.4 2624.03 2649.1 2662.8 2671.2 2675.3 2700.5 2717.8 2749.8 2778.0 2807.1 2851.6 2889.0 2915.9 2932.2 2956.5 2975.1 3091.3 3129.4 3129.8 3138.9 3223.3 3412.4 3421.3 3456.4 3459.0 3680.8 3838.3 3902.1 3914.3 3972.9 4058.7 4475.8 4714.5
1299.92 1953.2 2156.2 2187.5 2239.0 2274.7 2421.3 2454.3 2514.7 2614.3 2765.6 2815.1 2859.9 2905.1 2915.7 2943.5 3027.0 3028.1 3087.4 3149.8 3186.1 3188.4 3190.3 3207.8 3211.8 3225.9 3242.0 3244.1 3308.4 3325.5 3357.2 3363.1 3397.2 3422.7 3448.4 3451.7 3471.4 3478.9 3510.5 3514.19 3525.1 3561.2 3566.4 3658.7 3717.5 3740.0 3781.9 3870.7 3971.4 3991.4 4029.8 4046.8 4088.9 4139.4 4141.9 4221.6 4430.5 4553.4 4669.2 4671.5 4673.1 4919.4 4923.9 4963.3 5181.8 5213.8 5222.0 5233.8 5299.5 5538.9 5547.7 5554.3 5776.1 5887.3 5921.1 5922.3 6045.8 6135.4 6267.0 6279.3 6341.2 6460.5 6495.7 6496.1 6550.7 6551.6 6690.6 6698.4 6716.2 6925.5 7115.4 7205.1 7205.6 7369.5 7376.3 7607.8 7708.6 7868.7 8049.6 8130.4 8142.6 8193.8 8356.9 8587.4 8643.6 9061.0 9195.8 9647.3 10114.2 10359.8 10778.1 11175.0 11609.0 12312.0 12943.0 13517.0 14406.0 14802.0 15997.0 16237.0 17871.0
497.334 612.81 713.64 986.56 1280.28 1416.9 1633.76 1643.52 1643.73 1734.06 1785.92 1824.93 1857.4 1945.76 1974.0 1993.9 1996.53 2025.48 2060.15 2076.94 2084.27 2155.77 2164.76 2193.16 2196.6 2207.48 2230.27 2313.82 2347.43 2352.16 2365.2 2440.22 2447.7 2486.7 2553.8 2592.35 2653.65 2653.95 2685.51 2759.7 2807.37 2808.28 2843.35 2912.85 2938.24 2975.4 3004.09 3043.25 3203.81 3204.86 3206.0 3220.17 3258.8 3318.66 3385.64 3471.98 3509.75 3526.25 3533.29 3666.6 3745.07 3839.49 3842.1 3859.36 3879.22 3890.25 3959.95 4029.8 4047.16 4060.18 4132.02 4163.0 4242.95 4272.25 4611.26 4635.8 4687.95 4865.89 4889.2 5031.19 5060.95 5092.9 5225.61 5330.86 5417.87 5434.48 5458.4 5599.76 5629.54 5659.86 5749.0 5810.19 5812.83 5911.49 5966.2 6002.0 6073.6 6268.6 6286.64 6328.8 6357.25 6461.3 6575.65 6685.2 6711.1 6719.33 6830.63 6949.6 7157.2 7204.2 7248.65 7683.62 7826.3 7830.2 7922.6 8163.2 9069.6
1293.56 1756.864 2027.48 2112.323 2225.379 2266.159 2365.975 2390.879 2529.202 2545.71 2585.564 2650.438 2773.33 2790.55 2801.28 2843.82 2908.85 2960.03 2996.27 3016.44 3032.7 3046.4 3088.63 3096.93 3105.18 3157.73 3179.68 3194.32 3210.0 3227.45 3227.95 3228.06 3236.02 3257.67 3277.6 3288.99 3309.0 3314.99 3333.78 3344.34 3350.5 3371.42 3379.8 3416.2 3427.91 3453.2 3469.61 3492.98 3507.25 3508.33 3513.6 3522.66 3547.16 3551.7 3572.77 3576.2 3586.63 3593.76 3616.3 3624.6 3640.7 3648.1 3658.05 3706.9 3711.89 3712.4 3730.6 3739.0 3742.9 3747.9 3776.78 3787.2 3805.5 3806.02 3809.3 3836.67 3843.66 3850.9 3886.9 3903.58 3904.91 3916.91 3945.8 3950.52 3952.9 3973.7 3985.5 4001.1 4013.27 4015.1 4023.0 4026.4 4028.5 4037.2 4075.87 4077.0 4113.89 4128.28 4143.9 4162.108 4170.9 4190.5 4200.09 4201.52 4211.59 4238.15 4251.68 4278.51 4280.7 4285.0 4297.1 4308.5 4392.62 4410.98 4430.45 4480.19 4496.0 4506.2 4511.36 4548.38 4584.13 4649.21 4701.83 4765.0 4840.0 4852.7 4877.07 4879.5 4881.95 4892.55 4925.92 4952.02 5055.53 5066.3 5161.27 5174.4 5242.3 5329.9 5357.9 5390.4 5395.5 5474.9 5484.24 5493.2 5495.91 5500.0 5522.19 5562.72 5573.6 5668.1 5707.2 5716.7 5723.24 5767.19 5780.0 5823.68 5923.6 5929.3 5968.4 5977.57 5989.53 5995.58 6041.59 6098.3 6116.8 6130.97 6151.9 6159.57 6198.74 6213.01 6292.7 6313.4 6344.08 6357.7 6358.0 6373.0 6405.59 6428.05 6436.31 6468.7 6482.59 6510.55 6532.01 6659.52 6663.1 6717.24 6754.07 7035.01 7082.15 7173.9 7224.7 7229.2 7246.3 7325.27 7457.3 7659.94 7692.77 8227.9 8585.6 8661.2 9141.4 9321.9
158.562 314.58 711.54 1004.53 1019.92 1179.7 1304.3 1446.2 1468.6 1496.8 1578.25 1593.1 1625.4 1668.2 1874.5 2331.2 2381.0 2400.7 2406.4 2655.5 2807.6 2976.1 2990.6 2998.1 3152.8 3226.1 3356.9 3506.0 3602.4 3824.0 3893.0
1229.666 1758.31 2042.882 2056.91 2280.342 2321.23 2324.846 2328.02 2403.22 2488.871 2496.88 2574.91 2677.35 2733.789 2738.01 2773.94 2817.17 2878.7 2903.87 2929.72 2963.437 2999.45 3015.21 3048.35 3052.16 3057.22 3089.21 3108.06 3137.48 3159.35 3227.67 3228.37 3252.03 3262.53 3270.67 3308.54 3355.86 3374.6 3386.3 3427.11 3460.49 3462.63 3540.57 3558.9 3592.54 3673.67 3692.0 3696.78 3704.84 3709.87 3753.85 3762.13 3816.64 3838.88 3857.0 3898.9 3944.4 4044.6 4109.0 4126.7 4495.4 4604.0 5379.4 6325.0 6988.0 7010.0
23.871 89.531 787.01 920.51 921.39 1062.4 1089.44 1187.73 1249.71 1304.4 1309.3 1354.8 1378.8 1554.4 1571.8 1617.1 1718.4 1774.8 1789.7 1929.6 1938.9 1983.0 2003.1 2041.0 2127.0 2130.2 2415.3 2845.8 2881.2 2928.3 3011.9 3046.9 3103.3
1171.34 1875.0 2097.1 2159.2 2194.46 2284.3 2355.3 2399.7 2421.3 2465.9 2481.6 2548.2 2586.8 2643.6 2697.2 2749.7 2836.4 3058.3 3179.3 3350.3 3439.1 3446.5 3644.6 3777.5
6.3 60.38 663.62 869.24 908.6 925.59 949.2 1101.2 1121.2 1157.5 1247.1 1403.5 1653.1 1758.0 1877.0 1912.2 1960.4 1998.8 2067.2 2113.6 2163.6 2187.6 2242.8 2285.2 2524.0 2658.6 2834.6 2864.3 3120.1
1140.55 2088.27 2142.12 2153.89 2245.86 2331.15 2409.21 2415.62 2492.72 2530.26 2555.56 2653.09 2674.4 2690.26 2734.55 2775.55 2837.8 2868.2 2880.0 2959.5 2971.2 2973.45 3036.1 3041.4 3082.18 3128.5 3206.19 3233.79 3235.7 3283.0 3305.75 3358.3 3364.3 3371.46 3416.7 3455.9 3477.01 3530.88 3548.81 3582.9 3627.08 3670.36 3675.5 3703.57 3710.32 3751.0 3758.0 3782.88 3819.7 3840.75 3876.53 3882.15 3899.72 3948.6 4004.1 4106.7 4116.3 4179.6
150.4 618.81 870.2 919.8 931.4 1044.3 1072.1 1107.0 1136.3 1155.0 1194.4 1488.8 1945.0 2001.2 2155.8 2621.0 3151.6 3259.0 3306.0
1131.739 2101.712 2129.3 2129.597 2192.16 2204.622 2221.76 2325.01 2366.5 2426.317 2454.34 2568.15 2578.44 2602.495 2614.45 2656.6 2688.52 2701.78 2703.188 2753.05 2836.58 2855.13 2875.37 2878.67 2958.1 2988.03 3011.1 3109.5 3143.86 3214.36 3227.95 3240.37 3264.49 3267.13 3293.42 3312.99 3330.41 3333.54 3346.46 3362.3 3363.59 3396.5 3410.14 3490.18 3498.58 3509.15 3524.02 3551.53 3583.65 3603.86 3643.4 3655.2 3684.91 3697.3 3710.39 3724.7 3741.62 3760.27 3761.83 3765.15 3802.53 3809.71 3831.4 3834.3 3864.26 3888.0 3910.7 3917.27 3931.5 3963.6 4043.8 4074.4 4094.2 4156.1 4208.1 4227.56 4264.1 4269.82 4331.4 4359.58 4470.3 4528.8 4604.6
215.13 617.89 854.69 930.39 936.5 1059.26 1072.0 1187.5 1258.9 1362.52 1540.3 1757.0 1875.3 2176.1 2249.5 2284.2 2331.5 2347.2 2532.6
1141.15 2049.73 2110.79 2130.08 2161.51 2194.21 2218.96 2256.51 2276.85 2370.46 2471.93 2477.48 2488.21 2631.03 2636.64 2662.95 2712.06 2742.57 2840.21 2886.41 3067.26 3246.55 3283.8 3300.3 3344.83 3435.0 3454.85 3504.5 3625.77 3783.38 3809.18 3818.0 3830.72 3855.52 3860.3 3886.54 3917.3 3950.3 3964.2 3977.37 4013.97 4241.0 4257.1 4303.27 4330.9 4656.5 4699.5 4779.14 4797.1 4990.2
257.0 646.1 809.79 953.1 963.72 1053.3 1089.8 1555.8 1602.39 1702.3 1909.28 2023.8 2442.6 3331.0
1168.82 2000.37 2091.5 2104.07 2120.91 2258.36 2274.06 2378.08 2412.71 2491.91 2547.1 2578.62 2633.09 2642.27 2756.54 2952.46 2959.49 3091.97 3175.79 3225.6 3383.14 3519.86 3608.5 3633.46 3769.08 3871.48 3886.39 3954.85 3958.55 3987.6 3997.61 4038.01 4065.36 4075.03 4213.62 4219.87 4227.2 4243.02 4297.7 4509.8 4898.01
315.3 764.1 769.3 1043.5 1054.6 1222.0 1288.5 1865.0 2118.0 2835.9 2982.2 3590.0
1221.26 1995.62 2028.31 2084.84 2214.64 2256.96 2338.26 2434.79 2490.86 2492.99 2597.67 3167.17 3425.01 4119.79 4205.73 4224.9 4405.46 4463.36 5262.8
331.58 1654.76 2434.04 3989.82 4098.7 4292.7 4487.08 4515.1 4688.3 4770.6 4799.5 4846.7 5323.0 6895.0
4041.1 4351.2 4415.6 4714.8 4829.9 4847.1 4918.2 4941.7 7209.8
853.7 1560.9 1655.7 2004.6
