106 134
216.0 335.0 1425.0 2152.0
768.0 1058.0 1790.0 1900.0 2239.0 2535.0 2746.0 2856.0 3363.0 3378.0 3551.0 3655.0 3662.0 3779.0 3836.0 3964.0 4100.0 4431.0 5136.0 6003.0
259.5 376.3 409.6 1137.0 1149.5 1292.2 1385.4 1404.0 1467.9 1468.7 1512.9 1571.2 1880.8 1987.8 2100.5 2154.6 2245.9 2438.3 2478.9 2510.4 2538.8 2720.0 2977.2 3032.5 3056.5 3081.9 3316.4 3362.0 3375.5 3377.4 3720.7 3764.3 3812.6 3851.1 4040.6 4057.1 4173.2 4176.1 4571.1 4595.5 4613.0 4961.3 4999.6 5062.6 5101.6 5159.8 5457.7 5560.0 5611.2 5867.5 5868.3 6090.5 6149.8 6586.4 6643.4 6719.5 6726.1 7214.5
832.2 1100.9 1341.2 1500.9 1854.8 2091.9 2193.9 2271.9 2580.9 2650.9 2821.6 2827.0 3215.6 3301.4 3377.9 3488.4 3535.5 3751.0 3762.1 3874.4 3930.6 4234.9 4243.6 4244.8 4401.0 4484.8 4485.5 4627.0 4804.0 4980.8 5044.0 5139.0 5163.2 5488.5 5488.6 5506.0 5567.0 5824.5 5945.0 5984.0 5985.5 5995.2 6336.1 6449.7 6509.0 6511.5 6668.5 6736.0 6913.4 7042.0 7350.1 7480.5 7597.0 7684.2 8320.0 8574.0 9020.0 9355.0 9667.0 9857.0 10245.0 10478.0 10870.0 11386.0 11559.0 11701.0 12196.0 12211.0 12965.0 13043.0 13147.0 13672.0 13740.0 14475.0 14546.0 15084.1 15320.0 15464.0 16124.1 16224.0 17144.1 17169.0 17393.0 17975.0 18104.0 19266.0 19551.1 20093.0 20220.0 21651.0 22011.1 22513.0 22636.0 24388.0 24821.0 25245.0 25458.0
195.0 341.0 370.0 630.0 1136.0 1153.0 1160.0 1298.0 1300.0 1509.0 1691.0 1769.0 1842.0 1928.0 2129.0 2170.0 2188.0 2442.0 2670.0 2791.0 3121.0 3165.0 3473.0 3563.0 3712.0 3826.0 3996.0 4388.0 4471.0 4662.0 4905.0 4929.0 5009.0 5023.0 5681.0 6505.0 7418.0 8405.0 9472.0 10627.0 11878.0 13233.0 14705.0 16319.0 18103.0 20084.0 22301.0 24786.0 27548.0 1754.0 2762.0 3872.0 5118.0 6527.0 8146.0 10007.0 12076.0 1854.0 2924.0 4141.0 5513.0 7076.0 8824.0 10756.0 12880.0
851.0 1147.6 1398.5 1418.5 1922.2 1977.9 2220.3 2406.7 2508.5 2560.8 2749.3 2766.4 2793.6 2844.3 2854.0 3073.6 3226.7 3351.6 3382.4 3395.0 3435.0 3475.0 3634.1 3673.0 3679.7 3734.4 3742.0 3781.9 3802.2 3833.3 3976.8 4158.8 4224.3 4361.9 4384.7 4434.6 4534.6 4634.1 4789.3 4858.4 4881.0 4922.1 4929.0 5056.1 5193.6 5236.6 5263.3 5417.4 5507.2 5578.4 5601.8 5811.4 5915.2 5948.7 6021.8 6047.5 6249.8 6343.7 6644.1 6754.8 7020.0 7204.5 7556.1 7563.0 7687.4 7886.0 8204.6 8551.4 8561.0 8841.0 9632.7 9644.0 9886.0 10770.7 10808.0 11024.0 11973.7 12063.0 12257.0 13228.7 13382.1 13443.0 13615.0 14590.7 14978.0 15014.6 15117.0 16046.7 16714.0 16788.0 16818.4 17607.0 18639.0 18682.0 19273.0 20676.0 20861.0 21068.0 23014.0
103.82 166.8 236.56 296.33 340.1 357.1 372.7 395.6 501.7 714.46 796.4 973.2 1170.1
644.78 814.15 1018.6 1181.0 1257.1 1348.0 1460.9 1550.9 1716.5 1853.2 1910.2 1995.4 2094.2 2115.5 2132.1 2172.1 2217.3 2263.0 2307.4 2395.2 2504.4 2534.9 2626.9 2662.0 2818.0 3009.3 3045.5 3086.0 3174.6 3216.0 3474.2 3554.5 3781.0 3916.0 4365.0 4463.0 4747.0 5179.0 5242.0 5571.0 5962.0 6097.0 6336.0 6684.0 6980.0 7016.0 8002.0 9065.0 10219.0 11470.0 12804.0 14217.0 15722.0 17356.0 19147.0 21107.0
27.33 45.86 54.64 83.48 83.84 144.95 173.81 264.57 272.0 344.48 492.0 495.5 501.63 506.88 565.76 572.65 641.5 664.8 691.4 756.21 763.32 805.88 809.21 869.85 871.91 893.15 945.31 948.72 988.7 990.7 1005.2 1017.36 1055.0 1080.0 1109.13 1184.4 1244.6 1471.77 1562.3 1666.5 1670.5 1680.0 1694.0 1757.51 1769.6 1771.0 1924.21 1938.2 1971.2 1985.94 2072.5 2078.6 2081.2 2139.61 2188.9 2261.8 2365.4 2374.4 2421.6 2435.0 2505.4 2538.5 2554.0 2681.9 2740.7 2794.1 2933.4 3011.7 3099.9 3185.2 3195.2 3256.0 3256.3 3257.0 3425.0 3533.8 3586.5 3588.5 3614.8 3696.9 3889.5 3949.9 4080.2 4085.3 4151.6 4155.0 4266.3 4371.0 4591.9 4659.8 5107.1 5124.0 5130.0 5390.0 5548.7 5613.8 6118.7 6150.9 6171.0 6491.0 6550.0 7221.6 7307.0 7652.8 7680.0 8428.2 8526.0 8841.3 8957.0 9729.6 9806.0 10105.2 10316.0 11119.7 11150.0 11441.5 11770.0 12540.0 12636.0 12858.5 13358.0 14338.0 14386.7 16268.0
723.583 770.4 1071.73 1098.63 1300.21 1326.85 1380.58 1504.17 1736.21 1755.03 1937.17 2074.39 2092.54 2104.36 2215.11 2315.97 2323.43 2389.02 2457.58 2516.91 2638.42 2659.93 2688.27 2709.7 2763.81 2796.26 2803.4 2838.4 2960.66 3003.64 3255.45 3445.47 3542.37 3544.5 3659.6 3692.63 3792.3 4111.8 4120.0 4262.7 4283.0 4344.6 4492.3 4510.8 4551.13 4732.9 4885.4 4900.6 4985.1 5034.8 5109.6 5150.1 5245.0 5330.7 5333.1 5632.6 5635.7 5704.1 5784.5 5793.0 6029.5 6069.2 6349.0 6431.7 6885.7 7120.8 7172.3 8104.5 8256.8 9151.1 10305.9
93.99 103.0 410.848 455.175 466.071 503.09 518.12 546.34 550.948 574.56 612.81 654.32 681.68 731.721 735.42 809.18 815.1 820.89 841.12 917.82 948.28 998.02 1037.7 1045.37 1065.31 1076.76 1087.52 1096.07 1122.3 1127.42 1135.5 1138.84 1155.31 1158.42 1158.79 1164.09 1200.0 1208.2 1212.1 1223.31 1226.12 1267.82 1289.1 1307.39 1312.3 1336.58 1351.38 1385.82 1386.72 1407.88 1425.55 1436.2 1451.15 1473.05 1481.08 1483.31 1505.0 1570.0 1626.03 1658.15 1666.4 1684.99 1703.78 1782.11 1885.0 1949.0 1961.0 1983.6 2314.0 2335.9 2365.0 2384.3 2688.0 2718.3 2788.0 2966.2 3005.2 3129.0 3207.0 3433.3 3572.9 3940.3 4030.7 4245.6
527.31 719.7 923.9 1089.34 1159.99 1310.62 1322.86 1354.4 1378.8 1396.01 1454.2 1487.65 1534.6 1536.53 1623.9 1710.63 1716.4 1751.9 1761.21 1810.5 1871.48 2033.35 2040.0 2085.2 2187.45 2213.0 2228.42 2237.49 2242.01 2284.8 2300.1 2323.05 2355.62 2412.64 2525.3 2526.8 2624.6 2778.65 2780.15 2841.76 2845.5 2875.1 3057.65 3060.5 3072.64 3098.4 3130.76 3173.9 3214.13 3230.1 3230.7 3416.0 3437.7 3485.9 3495.1 3501.9 3522.66 3741.1 3836.8 4001.49 4029.6 4076.6 4106.6 4116.2 4296.6 4424.83 4509.4 4555.32 4679.1 4749.3 4759.0 4901.8 4929.2 4937.1 5027.9 5170.2 5172.4 5182.8 5394.2 5572.1 5823.7 5837.2 5882.8 6009.2 6121.4 6403.6 6762.4 6829.3 6950.9 7116.8 7905.8 8184.6
31.26 50.814 82.07 166.169 269.82 324.317 324.65 398.2 403.5 511.0 540.592 557.32 568.23 569.9 606.32 618.74 622.223 628.05 629.04 637.57 682.99 741.24 760.43 788.32 808.3 821.15 821.66 833.74 837.35 852.4 863.4 873.5 890.15 926.48 930.36 939.01 940.11 947.85 964.88 985.39 998.63 1016.95 1019.33 1024.03 1044.316 1072.97 1081.34 1093.72 1096.12 1113.49 1117.421 1124.45 1131.35 1142.5 1147.7 1152.8 1153.61 1160.48 1164.55 1168.38 1170.8 1187.21 1191.56 1196.03 1211.38 1213.59 1224.34 1233.55 1252.1 1262.74 1269.93 1279.85 1286.2 1294.42 1295.99 1299.61 1306.75 1309.43 1325.31 1325.83 1327.62 1331.27 1335.92 1381.6 1393.36 1405.34 1411.33 1427.07 1427.72 1434.33 1451.05 1458.22 1497.62 1542.03 1571.0 1582.24 1633.7 1635.65 1640.24 1693.96 1712.09 1732.8 1753.4 1802.28 1820.84 1852.27 1889.01 2104.66 2115.5 2171.58 2402.8 2503.0 2918.4
270.52 644.03 699.88 970.9 1048.42 1212.74 1249.74 1327.25 1338.61 1340.75 1366.34 1407.35 1413.21 1487.61 1646.5 1675.72 1749.64 1821.14 1848.2 1875.32 1982.0 2037.61 2094.38 2129.82 2138.38 2202.35 2226.06 2269.1 2278.93 2283.7 2314.02 2360.2 2379.6 2415.53 2419.34 2475.44 2505.24 2553.6 2707.74 2747.68 2769.08 2841.7 2848.99 3002.5 3064.89 3068.7 3295.85 3310.37 3505.5 3581.9 3608.4 3784.6 3939.6 4211.5 4274.3 4298.1 4342.0 4346.5 4352.6 4444.7 4542.6 4776.1 4785.2 4940.3 5190.5 5232.1 5243.5 5354.0 5712.0 6113.9
78.16 149.36 166.19 192.65 233.1 244.03 260.26 261.82 334.16 341.35 343.35 390.42 437.74 447.68 551.91 616.83 628.52 636.66 724.29 729.86 759.79 761.02 820.4 821.83 841.68 901.7 908.3 1022.41 1032.35
37.133 507.597 573.142 946.989 1024.0 1035.43 1139.288 1144.65 1321.89 1385.5 1407.29 1426.86 1447.51 1471.2 1474.4 1509.0 1519.2 1575.4 1612.6 1627.6 1648.8 1736.3 1810.9 1995.9 2353.9 3451.5
61.4131 78.0914 121.4967 137.4726 163.5591 167.2293 192.9594 209.6508 255.4986 264.426 265.1111 271.763 282.6499 311.2612 323.0922 333.6801 393.6993 396.9373 413.7657 425.1484 453.7478 480.436 481.339 483.6519 586.054 631.82 642.5649 658.443 667.554 693.995 702.727 796.67 824.954 868.58 920.57
160.33 541.8 712.8 1030.24 1088.64 1181.28 1260.9 1334.2 1337.42 1510.5 1575.5 1773.0 6417.4 6759.3 6873.6 7162.6 7309.7
10.8627 36.844 40.8038 80.7638 87.6016 103.6514 125.2291 131.6928 180.0509 195.9822 214.6032 248.3692 287.1286 368.333 371.823 384.5336 386.2882 402.8775 419.0624 439.1717 445.672 471.2599 483.9988 522.6911 581.916 598.658 612.693 642.057 642.652 744.95 757.196 804.266 827.064 855.969 863.003 869.415 1020.948 1053.067 1059.645
332.14 643.2 921.7 1067.304 1089.63 1349.46 1419.87 1484.1 1591.58 1700.9 1735.7 1806.701 1889.865 1913.5 1947.4 1982.88 2002.138 2113.0 2201.025 2227.1 2240.79 2253.47 2275.77 2288.25
17.7 40.4 83.0 104.6 127.9
491.2 1095.48 1114.35 1471.4 1584.31 1711.7 1920.2 1937.5 1955.08 1990.6 2003.5 2093.43 2102.4 2110.3 2124.32 2140.39 2150.56 2160.0 2202.1 2221.55 2256.4 2274.7 2304.1 2317.6 2345.68 2351.82 2358.5 2372.59 2406.3 2447.4 2455.87 2470.0 2482.8 2500.72 2513.9 2529.69 2553.7 2584.9 2586.81 2630.7 2638.5 2663.7 2695.7 2762.2 2785.2 2805.24 2834.4 2846.3 2867.3 2881.1
45.7 77.8 152.7 482.4 635.2 751.6 833.0
645.2 913.5 1128.45 1161.3 1252.2 1493.1 1503.6 1762.2 1842.1 1849.0 1851.05 1860.9 1910.9 1913.8 1922.1 1978.4 1999.5 2030.7 2115.1 2155.0 2181.1 2220.5 2259.7 2263.0 2316.9 2331.2 2369.1 2383.4 2393.0 2555.9 2714.3 2723.1 2747.8 2785.5 2792.5 2822.4 2831.3 3094.0
68.04 74.82 84.67 111.73 144.911 267.24 346.4 689.03 702.32 731.16 733.39 749.4 814.6 818.53 870.96 882.96 937.71 1031.3 1044.64 1047.4 1047.67 1096.8 1159.85 1192.3 1261.8 1306.14 1352.9 1358.7 1394.33 1460.3 1482.4 1555.9 1636.92 1716.6 1726.72 1810.5 1813.0 1893.24 1912.61 2023.0 2026.65 2085.1 2096.5 2178.7 2200.5 2271.8 2394.78 2416.8 2457.4 2484.04 2526.3 2535.2 2546.27 2580.3 2614.9 2636.6 2761.9 2820.2 2983.1
798.494 1141.64 1202.59 1226.04 1229.28 1481.15 1676.06 1725.76 1730.6 1758.35 1812.91 1861.9 1866.84 1871.9 1889.5 1916.49 1931.08 1980.39 1997.5 2004.1 2018.7 2021.37 2036.62 2043.45 2086.33 2274.62 2392.12 2453.7 2561.1 2663.66 2861.05 2865.47 2916.3 2938.1 2953.56 2977.99 2984.33 3060.5 3074.51 3121.33 3258.58 3268.61 3308.45 3367.5 3411.89 3539.1 3568.7
85.55 162.8 254.5 389.2 426.07 483.1 529.1 1078.31 1325.15 2268.26
962.02 2707.8 2792.7 3249.8 3451.2 4302.8 4364.5 4527.0 4555.6 4572.1 4803.5 5124.8 5150.2 5303.3 5376.0 5485.2 5559.9 5602.0 5612.4 5646.4 5881.0 5922.6 5972.0 6059.8 6093.4 6112.1 6123.0 6169.5 6315.5
317.77 872.2
