108 139
625.2 1289.0 2047.9 2443.4 2945.0 2997.0 3644.4 3661.0 3886.2 4491.1 4629.1 4909.1 5294.9 5980.3 6090.3 7128.6 7951.3 8067.3 8929.5 9327.2 9791.4 10545.8
98.14 265.4 537.9 690.08 762.77 772.34 1088.83 1350.0 1532.4 1583.13 2192.13 2385.7 2887.33 3776.83 4672.7 4710.7 5549.9 5726.6 6398.6 6755.8 7387.8 7989.9 8362.0 9279.9 10656.9 12079.0
657.7 1403.03 1578.97 1916.82 1927.5 2192.93 2227.61 2442.32 2521.49 2575.9 2899.7 3090.81 3095.38 3221.4 3224.1 3290.5 3348.52 3509.57 3615.0 3623.0 3738.12 4168.3 4175.8 4356.33 4840.2 5084.5 5563.1 5870.8 6547.9 6643.9 6666.1 6683.9 6857.9 6865.1 6907.1 7429.9 7451.3 7588.2 7611.7 7632.7 7853.0 8375.1 8422.5 8446.2 8536.3 8950.8 9384.1 9418.0 10317.5 10489.6
539.0 1135.0 1255.0 1329.0 1938.0 2561.0 2700.0 2930.0 3853.0 4572.0 4817.0 5235.0 5792.0
689.01 1476.1 2297.4 3082.2 3361.9 3441.9 3453.8 3629.4 3661.4 3785.1 3958.5 4108.9 4225.9 4328.7 4334.5 4424.8 4459.9 4827.1 4863.3 5040.4 5061.8 5123.6 5211.7 5431.1 5540.1 5752.6 5874.1 5970.4 6294.5 6437.5 6772.0 6903.1 6950.8 7028.7 7251.9 7634.1 7856.3 7911.6 8168.4 8211.7 8491.1 8904.0 9191.5 9710.3 10054.2 10617.6
587.0 1312.0 1995.0 3002.0 3114.0 3470.0 3575.0 3814.0 4037.0 4216.0 4561.0 4618.0 5019.0 5166.0 5503.0 5584.0 5650.0 6626.0
708.9 1342.6 1348.1 1391.2 1484.2 1794.4 1860.0 1949.6 1960.4 2026.8 2217.8 2241.3 2275.7 2296.1 2482.3 2606.9 2695.0 3008.2 3089.1 3121.4 3143.9 3154.3 3253.4 3279.7 3301.6 3346.0 3508.1 3514.1 3550.3 3723.5 3880.6 3920.1 4063.7 4304.0 4516.1 4688.6 4824.7 5033.4 5253.2 5259.3 5308.9 5509.3 5636.0 5779.9 5944.9 6306.3 6425.8 6472.0 6599.9 6920.9 6923.9 6940.0 7232.7 7360.0 7715.0 7804.0 7816.5 7915.0 8202.7 8319.0 8512.1 8721.0 9173.0 9216.7 9347.0 9668.1 9723.0 10092.0 10298.7 10437.0 10787.1 11225.0 11435.7 11642.0 11840.0 11961.1 12635.7 12939.0 12975.0 13219.1 13919.0 14331.0 14575.0 15283.0 15822.0 16045.0 16735.0 17426.0 17629.0 18269.0 19159.0 19345.0 19896.0 21059.0 21184.0 21658.0 23109.0 23166.0 23584.0 25288.0 25675.0 27933.0 30351.0 32926.0
280.05 761.1 871.8 930.59 1144.6 1272.1 1653.7 1750.0 1834.0 2000.7 2224.0 2286.9 2466.5 2517.0 2639.3 2834.3 3193.1 3208.6 3326.0 3331.3 3389.0 3529.2 3600.4 3663.6 3675.3 3683.4 3772.9 3785.1 3946.2 4122.9 4245.5 4289.5 4289.7 4318.5 4370.8 4387.1 4500.0 4571.6 4711.0 4766.2 4794.0 4829.4 5013.6 5069.0 5102.5 5149.5 5252.3 5317.6 5441.4 5511.0 5661.2 5911.1 5938.3 6070.9 6233.9 6320.0 6614.8 6624.4 6837.6 7067.0 7216.3 7361.0 7426.4 7547.4 7703.4 7799.4 7813.5 7855.2 8101.5 8165.6 8439.3 8464.0 9351.4 9562.4 10585.8 10765.2 11881.0 12022.0 13286.0 14783.0
678.92 1059.78 1219.1 1359.39 1637.59 1746.0 1811.77 2002.24 2080.94 2119.1 2339.87 2556.1 2564.5 2773.1 2966.2 3027.3 3175.0 3190.1 3245.1 3341.8 3429.9 3574.8 3683.8 3698.8 3746.5 3751.9 3993.7 4228.2 4328.5 4339.5 4436.6 4585.6 4704.7 4920.0 4995.2 5110.5 5197.5 5236.3 5472.6 5621.9 5721.5 5775.8 6106.0 6128.8 6141.9 6274.4 6651.9 6659.3 6673.2 7091.8 7160.4 7173.7 7307.4 7642.0 7642.1 7729.1 8119.6 8123.3 8173.2 8667.6 8683.2 8995.5 9171.9 9204.9 9756.4 9775.6 10058.6 10303.6 10324.7 10949.6 11129.8 11494.4 11538.8 12714.9 12841.7 13988.4 14228.1 15335.8 15671.0 16743.6 18231.2 19871.0 21702.0 23721.0
274.4 296.0 325.9 540.0 577.7 681.5 821.2 875.0 918.7 929.7 935.7 958.4 964.4 967.0 1021.3 1094.0 1186.9 1244.4 1416.3 1482.0 1577.3 1675.8 1680.0 1726.0 1789.0 2129.0 2304.0 2344.0 2609.7 3316.0 3348.6 3619.2 3628.4 3828.1 4109.9 4357.8 4534.2 4619.3 5216.0 5380.3 5880.2 6118.9 6534.7 6848.3 7364.6 7825.5 8311.8 8887.0 9217.0 10429.0
605.706 934.2 957.48 1150.82 1163.7 1206.42 1482.11 1517.31 1661.5 1702.74 1820.84 1863.07 1891.92 1944.51 1976.18 2020.57 2150.16 2225.7 2229.56 2285.3 2322.32 2352.7 2367.76 2372.8 2422.4 2438.1 2500.96 2517.2 2531.6 2571.17 2573.9 2611.5 2622.4 2730.4 2762.1 2813.3 2852.3 2862.7 2914.42 2919.44 2968.1 2999.44 2999.75 3078.92 3108.22 3114.3 3168.51 3189.18 3191.6 3253.48 3359.92 3400.1 3438.9 3444.69 3460.44 3586.63 3602.2 3679.92 3834.61 3881.23 4138.04 4172.0 4219.32 4220.52 4288.43 4347.82 4582.09 4855.73 4867.67 4945.98 4964.7 5122.76 5346.67 5544.7 5599.2 6715.5 6743.0 7615.0 7862.0 8423.0 8907.0 9028.0 9536.0 9924.0 10538.0 11851.0
257.484 320.506 360.39 467.96 501.1 557.17 598.18 635.86 661.27 669.31 703.08 707.68 723.99 743.08 766.6 771.7 813.31 877.45 889.07 901.26 945.92 964.21 979.96 994.41 1003.99 1104.87 1113.57 1162.32 1184.79 1197.13 1197.71 1201.5 1215.5 1280.83 1296.1 1370.86 1373.29 1445.61 1512.88 1528.31 1530.55 1586.43 1598.67 1618.96 1624.25 1632.05 1674.23 1729.21 1739.05 1834.91 1889.0 1939.83 2024.55 2078.45 2101.87 2105.95 2113.09 2272.46 2302.77 2629.12 3006.8 3010.1 3181.12 3348.21 3381.9 3623.83 3668.5 3762.7 3804.8 4378.4 4449.4 4571.95 4669.5 4730.3 5032.1 5254.4 5446.8 5449.3 6003.9 6054.1 6466.9 6513.2 6727.7 6828.4 6936.4 6952.8 7025.3 7258.6 7360.1 7654.4 7936.4 7962.2 8062.2 8354.6 8636.5 9067.7 9383.4 9555.5 9698.7
560.438 1103.21 1161.56 1201.28 1535.08 1776.23 1815.11 1863.34 1924.4 2083.4 2108.5 2201.48 2428.1 2461.36 2519.89 2566.5 2652.97 2835.33 2877.62 2899.2 2936.5 2940.28 3030.55 3039.27 3122.1 3124.7 3130.84 3142.17 3364.3 3374.2 3399.73 3487.4 3543.58 3567.27 3813.61 3881.48 4086.38 4092.92 4459.79 4503.26 4815.3 4818.72 5345.12
212.194 293.991 438.54 443.06 475.243 532.052 538.7 594.49 681.29 683.05 757.96 806.69 810.91 830.48 887.68 912.22 925.75 975.65 994.01 1018.44 1080.24 1148.64 1170.19 1171.08 1172.86 1179.5 1185.58 1208.05 1226.88 1306.34 1324.65 1340.63 1363.96 1419.41 1437.18 1473.2 1486.61 1540.19 1599.78 1607.4 1626.37 1654.47 1681.03 1711.83 1730.71 1789.3 1806.76 1823.5 1853.5 1913.23 1994.8 2016.2 2070.31 2119.1 2281.71 2332.36 2396.1 2422.4 2469.8 2582.6 2679.6 2717.11 2854.6 2914.9 2937.2 2952.88 2996.7 3073.4 3136.61 3228.9 3255.2 3320.8 3321.1 3389.0 3402.0 3424.1 3443.3 3594.9 3642.8 3655.6 3671.3 3779.1 3834.2 3935.5 3937.0 4083.3 4146.8 4188.3 4238.4 4372.6 4411.5 4442.9 4520.4 4785.3 4898.6 5012.9 5020.8 5179.4 5281.4 5308.7 5503.7 5533.6 5689.3 5906.7 6545.4 6774.3 7060.0 7062.0 7107.1 7671.3 7683.6 8292.7 8583.2
564.117 1181.36 1256.908 1357.41 1751.18 1752.85 1909.66 1940.555 1951.06 2042.04 2099.2 2284.0 2287.42 2311.04 2407.91 2508.51 2593.87 2669.78 2719.29 2756.42 2758.7 2800.55 2890.61 2911.01 2913.37 2971.97 3044.89 3052.07 3073.61 3149.62 3210.63 3290.8 3302.59 3381.8 3483.48 3579.7 3590.65 3995.4
159.1 247.55 439.7 489.8 505.28 532.87 600.43 687.88 697.55 769.11 783.62 871.2 886.2 894.78 919.6 995.89 1036.81 1068.15 1138.6 1244.3 1496.6 1552.1 1609.1 1708.1 1759.71 1807.78 1886.85 1929.1 1977.9 2020.96 2092.68 2158.85 2197.7 2356.4 2810.3
602.731 1248.587 1325.519 1657.28 1746.968 1882.98 1957.899 2039.303 2091.616 2134.82 2153.31 2182.43 2224.89 2293.722 2308.5 2322.99 2335.072 2349.77 2444.47 2454.07 2483.29 2493.2 2507.2 2511.9 2521.38 2529.71 2550.23 2594.9 2600.87 2618.58 2640.9 2664.34 2665.1 2673.81 2681.53 2693.694 2701.66 2710.66 2740.8 2746.95 2774.83 2783.52 2808.5 2814.5 2817.06 2834.98 2858.66 2873.43 2884.2 2885.96 2897.3 2974.63 2988.07 3000.96 3032.9 3045.9 3052.2 3093.7 3100.51 3137.18 3154.99 3167.9 3212.8 3220.86 3238.8 3302.0 3315.7 3351.18 3393.4 3399.2 3410.23 3451.0 3494.0 3529.99 3543.35 3624.2 3629.8 3655.7 3708.4 3755.53 3778.7 3931.6 3963.1 3988.1 4052.9 4088.8 4089.39 4116.7 4118.1 4229.4 4325.3 4410.8 4436.0 4484.2 4582.8
35.4922 144.772 321.09 402.09 443.555 463.3656 525.226 538.37 636.0905 642.205 652.9 671.4424 729.273 786.61 840.91 1017.73 1053.9 1066.48 1071.9 1092.2 1133.33 1191.73 1209.72 1242.96 1245.82 1265.16 1310.51 1314.6 1319.62 1322.35 1358.2 1435.9 1500.65 1520.9 1529.48 1570.18 1580.9 1587.37 1652.7 1670.31 1699.89 1713.53 1732.5 1759.87 1766.47 1770.73 1775.6 1813.6 1832.51 1851.4 1865.3 1899.54 1905.24 1911.25 1918.73 1932.8 1956.78 1969.4 1978.96 1982.3 1990.8 1995.23 2009.45 2021.25 2047.3 2049.27 2060.9 2068.1 2077.1 2087.6 2108.6 2129.79 2132.5 2145.3 2149.7 2174.8 2176.1 2182.01 2204.22 2220.2 2226.47 2231.9 2247.0 2251.36 2271.1 2292.7 2311.1 2313.7 2315.82 2351.34 2372.94 2375.15 2379.78 2384.8 2410.1 2415.67 2439.0 2466.86 2495.3 2504.8 2522.5 2528.8 2550.6 2554.7 2561.1 2568.3 2570.2 2585.9 2592.0 2607.4 2611.5 2649.99 2689.8 2706.1 2729.4 2751.8 2754.3 2770.8 2776.7 2785.2 2801.7 2814.4 2820.0 2898.1 2936.6 2952.2 2974.7 2991.11 3002.4 3021.5 3072.5 3106.8 3142.3 3174.5 3184.2 3207.8 3291.5 3430.3 3532.1 3554.8 3564.7
666.338 1361.43 1420.198 1776.25 1873.392 2013.187 2045.16 2113.58 2128.401 2181.525 2184.366 2218.217 2309.217 2385.827 2385.965 2396.47 2421.12 2479.77 2496.89 2503.56 2515.48 2533.89 2577.844 2585.473 2661.46 2678.98 2682.04 2686.55 2704.55 2731.15 2765.82 2782.74 2803.04 2810.9 2812.89 2833.75 2838.6 2858.88 2877.23 2897.9 2911.16 2966.81 2974.44 2975.2 2988.3 3008.14 3015.58 3045.72 3069.4 3170.9 3194.0 3202.0 3450.4 3473.9 7791.0 7915.0
61.12 88.26 340.6 473.27 502.9 631.5 685.5 763.7 783.4 785.7 924.5 1077.0 1140.9 1155.4 1290.3 1323.4 1377.9
743.219 1497.035 1519.972 1811.16 1968.51 1978.81 2027.78 2133.3 2163.531 2193.49 2217.95 2270.35 2308.31 2337.73 2352.11 2395.93 2405.36 2426.02 2440.0 2487.41 2494.17 2508.06 2550.54 2571.18 2588.0 2599.02 2630.14 2643.28 2655.6 2689.4 2706.66 2712.23 2736.5 2748.73 2762.05 2790.7 2817.4 2820.77 2851.92 2858.9 2868.99 2884.51 2891.45 2901.2 2912.78 2924.1 2931.87 2952.0 2983.31 3030.12 3030.7 3067.04 3100.4 3104.4 3125.42 3137.29 3140.5 3151.44 3183.5 3184.84 3296.47 3416.53 3429.3 3490.0 3508.1 3519.42 3588.0 3597.36 3607.44 3731.7 3734.27 3838.4 4063.09 4341.8 4431.2 4668.5 7724.0
105.5 180.3 244.5 464.9 544.5 633.9 760.0 812.8 867.0 876.0 966.5 1228.1 1280.8 1302.0 1317.5 1598.7 1625.0 1633.0 1654.6 1727.3 1736.5 1751.0 1752.4 1781.9 1842.8 1870.7 1919.2 2070.3 2085.3 2113.2 2133.2 2157.0 2198.9 2265.8
839.494 1588.256 1632.997 1815.336 1885.7 1964.76 1981.546 2101.25 2138.63 2146.41 2190.615 2282.593 2300.22 2330.74 2404.65 2432.08 2435.59 2449.48 2466.89 2527.06 2575.2 2581.15 2607.33 2648.57 2689.12 2714.97 2719.49 2729.5 2736.31 2743.14 2744.97 2765.26 2770.84 2782.12 2789.26 2833.35 2878.43 3081.38 3155.03 3287.9 3385.1 3404.9 3413.1 3470.2 3536.74 3545.2 3565.26 3567.7 3708.17 3791.4 3909.1 4073.5 4170.68 4249.4 4303.7 4375.4 4460.3 4531.5 7538.2 7636.5
182.25 295.92 642.28 776.88 943.32 1036.68 1051.07 1207.39 1267.51 1398.91 1467.12 1470.31 1544.78 1601.4 1669.62 1722.0 1854.4 1876.38 2066.83 2180.1 2226.13 2335.59 2398.42 2496.33 2511.45 2551.97 2582.68 2598.9 2662.22 3002.42 3690.1 4071.1 4286.3 4543.0
973.9 1670.69 1774.1 1924.74 2052.97 2107.5 2280.61 2409.73 2421.42 2487.31 2700.4 2763.58 2815.6 2867.21 2884.0 3091.6 3210.69 3303.4 3349.19 3561.8
308.242 334.26 1096.22 1265.33 1421.33 1500.56 1552.14 1639.5 1641.52 1705.51 1728.66 1913.46 1976.46 2023.9 2211.47 2332.14 2750.32 2755.51
1279.04 1576.04 1691.25 2397.56 2464.38 2631.29 2727.2 2933.63 4013.4 4299.0 4557.0 4563.0 5080.0 5622.0 5804.0 6009.0 7049.0 7564.0
658.65 1083.3 1127.06 1179.88 1246.18 1380.14 1442.22 1504.88 1554.88 1653.97 1702.34 1837.19 2017.88 2193.8 2339.07 2370.56 2376.6 2448.76 2569.43 2602.3 2640.0 3122.05 3234.0 4591.0 5641.0
605.91 1029.0 1381.0 2130.0 2789.0


271.0 627.5 1063.9 1598.7 2210.5
