109 137
729.0 1372.4 1965.8 2503.1 2682.8 3240.1 3563.8 3788.1 3906.2 4620.8

81.0 96.0 156.0 349.0 383.0 401.0 450.0 719.0 854.0 886.0 950.0 1284.0 1398.0 1642.0

64.0 628.87 753.41 837.52 910.0 1017.54 1269.1 1548.44 1614.0 1897.4 1987.6 2185.93 2358.5 2732.9 2869.34 3034.6 3110.8 3506.1 3674.2 3694.8 3740.0 3889.0 3903.9 3933.4 4189.6 4298.2 4323.7 4383.9 4494.7 4626.9 4673.3 4705.2 4715.0 4879.5 4947.2 4970.9 5106.6 5208.7 5479.3 5585.3 5628.6 5666.0 5943.0 5943.6 5968.0 6343.0 6354.0 6380.5 6408.2 6695.0 6707.6 7032.1 7079.4 7247.5 7434.6 7675.7 7683.0 7793.0 7796.0 7877.6 7964.5 7967.0 8294.0 8394.9 8467.1 8579.9 8790.3 8912.0 8970.0 9106.0 9116.3 9302.0 9496.0 9603.5 9635.9 9862.6 10084.1 10227.0 10630.0 10743.4 10753.0 10766.0 11057.2 11226.4 11427.0 11573.0 12017.7 12118.0 12266.0 12379.0 12875.0 13013.0 13381.3 13550.0 14030.0 14162.0 14466.0 14553.0 14991.0 15944.0 16129.0 16205.0 16217.0 16543.0 17968.0 18017.0 18216.0 18220.0 18285.0 19861.0 19990.0 20254.0 20508.0 21832.0 21899.0 23810.0 24096.0 26050.0 26471.0
103.2 131.4 265.9 288.0 491.0 635.0 690.0 745.0 954.0 1008.0 1236.0 1285.0 1362.0 1530.0 1595.0 1744.0 2032.0 2150.0 2155.0 2580.0 2692.0 2857.0 3026.0 3462.0 3487.0 3592.0 3956.0 4314.0 4588.0 5257.0 5552.0 6530.0 7524.0 8576.0
56.7 564.7 633.6 731.8 837.5 877.9 923.0 981.0 1093.0 1146.0 1198.1 1248.2 1395.0 1540.7 1765.2 1892.0 1899.0 2011.0 2250.0 2273.6 2350.0 2387.0 2659.0 2909.0 2912.0 2917.1 3053.3 3101.0 3115.6 3406.4 3447.7 3462.0 3476.0 3642.0 3840.0 3912.5 3990.0 4052.8 4244.8 4247.0 4592.0 4762.2 4787.0 4798.9 5044.0 5083.1 5126.0 5456.0 5619.5 5656.0 6197.0 6327.0 6471.0 6484.4 6543.1 6544.0 6671.6 6756.0 7516.6 7610.0 7704.0 7728.0 8139.0 8183.0 8228.8 8570.0 8570.4 8857.0 8899.0 8975.0 9315.0 9499.0 9604.0 9993.0 10069.0 10426.0 11043.0 11183.0 11388.0 11959.0 11990.0 12852.0 12888.0 12913.0 13590.0 14178.0 14747.0 14932.0 15350.0 16772.0 17110.0 17275.0 18962.0 19391.0 19449.0
141.0 248.0 362.0 468.0 645.0 777.0 970.0 1089.0 1328.0 1435.0 1715.0 1763.0 1838.0 2118.0 2130.0 2195.0 2571.0 2720.0 2866.0 3032.0 3098.0 3674.0 3708.0 4087.0 4549.0 4797.0 5162.0 5457.0 5507.0 5784.0 5984.0 6334.0 7256.0 7580.0 8593.0 8902.0 10026.0 10302.0
58.8 116.7 160.6 221.3 315.8 353.6 519.1 567.4 574.0 619.7 653.7 660.5 661.2 677.9 695.15 716.1 971.2 1015.2 1050.0 1084.2 1130.0 1174.4 1208.7 1316.6 1340.9 1450.1 1485.3 1622.4 1684.1 1719.9 1877.1 1934.4 2075.9 2088.4 2105.5 2107.6 2245.1 2313.6 2486.3 2501.5 2587.0 2643.4 2703.4 2820.1 2906.0 2911.6 2911.8 2984.7 3062.1 3185.6 3272.4 3320.6 3338.9 3356.9 3377.3 3425.8 3492.9 3661.3 3667.1 3687.2 3972.6 4056.9 4082.1 4288.9 4519.2 4603.2 4686.4 4816.1 5002.5 5066.5 5507.8 5629.1 5669.7 6278.6 6297.2 6675.0 7187.0 7336.7 7353.7 7683.9 8231.9 8330.3 8368.6 8809.8 9141.3 9191.0 10043.9 10276.6 11250.0 12332.0 13529.0
104.0 129.58 222.22 226.9 247.8 412.9 451.9 456.6 704.8 750.9 900.7 983.2 1084.0 1106.6 1375.5 1432.6 1447.5 1529.2 1726.3 1772.2 1836.9 2061.3 2252.6 2401.9 2805.9
90.1 98.61 230.82 306.63 320.24 462.02 536.23 557.0 601.15 649.83 687.43 731.96 800.98 913.85 1024.24 1045.03 1151.82 1169.07 1202.15 1253.58 1392.85 1442.91 1486.1 1539.7 1561.03 1571.69 1581.88 1615.07 1753.24 1851.19 1857.47 1883.87 1934.48 1999.62 2074.3 2076.39 2186.6 2223.96 2326.9 2331.73 2336.99 2376.86 2403.3 2417.25 2474.92 2500.1 2544.34 2604.19 2604.9 2606.11 2620.09 2666.99 2713.73 2723.2 2746.93 2785.73 2788.66 2790.59 2824.88 2865.3 2927.79 2929.6 2990.06 3035.5 3065.66 3146.2 3165.7 3181.16 3222.63 3258.67 3265.3 3289.68 3290.2 3305.7 3309.1 3344.51 3351.11 3382.57 3443.06 3447.5 3520.89 3527.27 3537.62 3565.79 3605.74 3618.9 3633.48 3663.6 3673.32 3684.3 3694.96 3725.1 3735.99 3809.5 3840.87 3869.9 3884.4 3900.1 3958.8 4054.8 4063.7 4073.2 4082.9 4095.75 4112.93 4120.2 4186.72 4218.41 4229.31 4293.3 4307.1 4432.56 4449.1 4461.0 4513.74 4518.4 4519.0 4521.93 4530.2 4537.0 4757.0 4844.3 4944.7 4951.2 4953.71 4969.2 4976.2 5014.07 5208.0 5250.03 5366.3 5419.9 5509.5 5518.83 5649.23 5747.0 5907.4 5932.6 6051.7 6090.5 6257.4 6381.1 6405.1 6593.6 6640.6 6686.8 6694.1 6989.2 7009.3 7040.7 7177.4 7346.7 7497.9 7623.6 7663.7 7737.5 7817.6 7829.6 7854.5 8019.3 8192.1 8391.5 8862.1 8976.6 9039.4 9721.0 10167.6 10198.5 10654.2 10724.9 10869.2 11822.5
25.1 72.6 89.8 102.2 113.5 153.8 158.6 171.9 200.9 203.1 212.4 278.4 334.6 369.3 375.3 396.3 425.0 449.3 476.5 489.8 529.5 580.7 658.7 664.9 677.3 707.7 850.8 897.8 965.6 1023.5 1039.2 1058.1 1086.2 1142.9 445.0 779.0 1145.0 1538.0 1958.0 2404.0
95.71 132.81 175.84 252.73 310.58 433.56 445.35 529.3 649.85 748.26 801.5 811.67 906.0 930.77 938.2 961.99 1006.53 1031.3 1035.33 1046.31 1076.81 1077.47 1094.16 1129.44 1134.0 1186.31 1239.71 1254.58 1276.56 1302.6 1326.2 1339.32 1435.24 1558.5 1575.2 1679.94 1721.7 1746.8 1780.9 1793.45 1813.75 1847.0 1864.4 1907.65 1964.57 2022.9 2076.86 2132.1 2188.33 2201.7 2218.2 2220.49 2223.69 2286.1 2353.0 2376.9 2426.1 2441.0 2465.5 2569.9 2588.9 2621.9 2641.8 2684.9 2689.91 2728.9 2739.2 2777.0 2780.74 2797.57 2809.9 2822.3 2830.6 2847.5 2858.9 2892.8 2904.5 2994.1 3023.5 3067.98 3084.8 3097.3 3105.6 3112.7 3158.1 3158.9 3160.0 3166.73 3194.32 3229.8 3248.5 3272.0 3273.5 3281.1 3353.9 3398.49 3438.6 3471.9 3487.2 3496.9 3511.3 3518.2 3533.1 3583.4 3604.1 3638.9 3677.1 3684.1 3704.9 3763.2 3929.1 3965.6 4006.6 4096.9 4098.9 4164.4 4233.9 4322.1 4377.1 4381.5 4436.5 4531.1 4635.9 4662.9 4676.8 4921.9 5001.5 5040.8 5255.5 5338.3 5432.6 5655.7 6245.4 6537.9 6793.2 7206.0 7446.5 7516.0 8135.2 8776.2 8895.2 9030.6 9239.2 9501.0 10283.8 10471.7 10632.3 10911.9 11142.8 1124.0 1868.0 2705.0
53.114 61.625 90.596 148.612 163.066 175.574 279.428 350.052 416.675 274.1 485.6 625.7 825.4 1002.5 1185.2 1408.6 1565.6 1962.6 2382.6
138.2 148.92 178.02 302.2 330.27 474.18 552.3 641.25 670.94 766.5 794.0 943.42 972.4 1011.06 1048.7 1080.3 1113.1 1153.4 1156.26 1189.9 1242.36 1310.1 1315.5 1390.81 1453.0 1576.5 1602.5 1607.1 1632.4 1657.1 1690.3 1791.3 1816.0 1864.89 1871.5 1934.15 1956.08 2000.6 2016.2 2039.8 2062.5 2082.1 2152.41 2201.33 2250.04 2265.5 2285.53 2322.6 2327.4 2339.0 2361.8 2367.79 2389.4 2455.5 2466.1 2481.6 2560.3 2580.0 2614.1 2659.9 2712.1 2947.6 3512.4
55.48 105.4 123.04 150.55 163.39 169.59 184.2 213.27 246.93 250.55 255.9 265.96 275.39 287.37 289.01 291.14 297.03 300.6 336.79 345.56 353.55 361.91 369.6 380.17 397.1 404.54 442.76 443.34 446.87 448.72 466.8 492.94 496.69 543.4 591.7 596.38 604.87 609.4 654.19 664.86 765.1 781.72 909.7 926.07 985.4
113.543 188.416 243.381 371.99 453.83 536.11 595.54 704.32 768.09 935.7 1007.62 1082.8 1084.88 1089.81 1173.1 1180.88 1203.65 1263.96 1269.8 1381.63 1442.79 1554.52 1562.4 1616.6 1664.58 1870.9 1887.7 1997.2 2130.4 2278.2 2350.6 2396.8 2430.4 2462.9 2502.5 2586.7 2737.7 2783.9 2790.9 3060.0 3099.0 3259.3 3293.5 3497.0 3674.5 3775.0
56.43 110.85 122.17 166.04 178.96 204.28 222.62 227.78 237.39 244.79 311.28 331.28 338.49 343.46 348.43 365.49 369.57 373.76 393.79 397.56 422.23 434.22 458.04 478.99 491.03 506.96 513.49 535.62 544.65 566.79 570.36 580.64 591.34 617.88 658.29 676.68 687.92 703.14 714.7 748.69 800.09 812.79 819.48 868.99 890.29 944.67 956.6 979.1 1000.19 1002.57 1082.69 1102.16
57.608 202.86 374.992 417.99 618.31 628.69 650.92 716.5 744.71 990.94 1044.1 1094.37 1122.76 1181.4 1218.45 1228.91 1235.07 1266.6 1274.97 1350.2 1363.97 1401.82 1413.2 1442.9 1480.0 1516.65 1555.6 1654.08 1658.6 1675.8 1775.5 1860.4 1869.5 1876.7 1894.0 2072.2 2075.4 2360.1 2412.3 2545.8 2810.2 2975.8 3350.3
27.3621 85.47 128.233 133.6106 137.85 143.994 151.6419 160.7562 167.367 180.377 220.9256 226.101 232.578 234.487 269.711 294.357 295.667 344.516 372.12 376.623 385.447 386.593 392.002 416.28 426.339 434.355 435.511 485.422 518.455 521.08 529.966 549.733 552.32 554.431 608.704 613.11 657.01 678.92 687.05 704.95 715.2 728.183 735.46 750.79 768.36 778.62 794.64 828.1 834.61 838.9 842.1 844.63 848.99 866.56 917.01 934.06 942.3 1013.1 1024.8 1032.02 1049.01 1062.0 1084.5 1099.8 1128.0 1164.4 1171.3 1211.45 1217.6 1226.5 1246.6 1250.29 1256.8 1266.43 1274.2 1300.9 1329.6 1343.51 1360.1 1370.1 1442.0 1454.9 1486.7 1498.7 1506.2 1528.0 1531.9 1537.2 1542.1 1553.8 1559.9 1574.4 1619.3 1627.2 1634.0 1703.1 1715.8 1724.2 1732.95 1739.0 1746.0 1807.0 1826.5 1866.4 1873.6 1886.4 1904.2 1921.3 1942.8 1983.3 2013.2 2070.8 2144.1 2161.6 2186.7 2205.0 2320.2 2425.4 2432.7 2454.0 2567.0 2584.8 2640.8 2684.4 2721.0 2737.2 2847.89 2900.4 2950.78 3001.0 3075.6 3182.7 3794.3 3802.6 3834.4 3846.8 3862.8 3991.6 4149.8
27.8 278.38 487.35 559.62 695.89 729.57 768.76 829.92 844.82 1047.35 1050.21 1111.65 1196.65 1203.61 1209.8 1260.66 1281.99 1291.94 1401.43
39.9525 43.251 43.9362 44.3269 48.8327 69.5865 82.396 85.1099 91.7605 93.7143 111.0607 125.7595 180.3001 209.7392 223.9761 242.4 245.1019 251.5496 254.7947 262.0513 296.0376 349.596 353.731 374.681 378.3467 437.638 460.912 480.7026 525.881 544.968 593.993 606.55 678.491 682.234 699.206 761.516 768.415 783.162 804.07 825.024 876.261 944.96 1079.05
149.715 492.664 602.041 773.664 852.206 876.723 1005.771 1059.713 1098.26 1146.947 1148.985 1283.9 1298.223 1315.174 1346.48 1376.8 1403.86 1427.153 1444.048 1500.623 1547.8 1556.145 1596.436 1622.6 1645.992 1677.454 1697.1 1757.87 1761.49 1797.073 1800.61 1880.25 1887.68 1899.134 1924.563 1931.923 1936.14 1974.25 1980.262 2001.087 2011.032 2040.83 2063.3 2072.73 2114.2 2168.45 2170.72 2176.62 2241.66 2270.64 2332.7
22.0 49.72 120.0 161.52 277.86
312.073 719.774 786.922 912.666 914.75 1239.833 1307.184 1312.796 1333.219 1334.0 1373.685 1454.92 1516.26 1560.14 1564.144 1634.174 1646.64 1671.421 1704.41 1707.44 1717.626 1729.16 1776.62 1797.46 1798.574 1816.68 1885.523 1893.044 1942.638 1945.78 1974.651 1990.791 2005.12 2025.43 2040.44 2049.57 2053.5 2136.42 2141.87 2193.6 2205.3 2209.82 2211.9 2225.06 2248.55 2250.1 2255.08 2261.625 2266.47 2283.77 2363.78 2371.628 2372.93 2393.29 2417.4 2419.23 2426.55 2445.56 2467.26 2482.62 2493.05 2500.24 2505.98 2516.4 2525.68 2541.74 2551.76 2556.3 2595.878 2597.45 2661.0 2686.04 2768.2 2783.64 2795.9 2807.99 2808.34 2825.31 2826.49 2866.29 2880.51 2935.83 2968.1 2974.7 3028.49 3051.28
44.39 79.461 180.872 210.457 316.49 645.471 846.688 923.432 1106.466
603.68 870.52 1009.94 1133.21 1183.86 1421.2 1516.8 1709.8 1857.0 1993.2 2027.2 2069.15 2157.0 2312.6 3046.4 3357.0 3653.9 3688.1 3766.1 4240.4 4313.5 4378.5 4463.8 4772.7 4774.0 5326.6 5574.8
86.73 222.11 333.97 578.77 630.53 738.21 2656.42 3137.1 3235.2
243.3 372.6 601.2 712.7 1169.0
