113 144
416.0 1071.0 1898.0 2839.0 3841.0 4907.0
449.7 1624.7 1788.3 1999.7 2552.9 2557.0 3167.3 3246.2
414.6 1049.3 1308.0 1816.6 2023.0 2303.0 2670.5 3589.1 4541.2 5483.6 6490.4 7511.4 8595.2 9732.0 10942.0
393.6 917.9 1015.8 1321.5 1474.2 1533.7 1557.0 1838.8 1979.9 2085.5 2117.2 2210.7 2445.2 2498.4 2607.2 2774.7 2931.9 2981.9 3079.1 3271.8 3457.3 3555.2 3627.9 3633.4 3683.5 3855.7 3856.4 3960.7 3979.0 4171.4 4238.3 4363.4 4465.5 4486.0 4548.0 4699.1 4934.3 5163.0 5300.6 5302.1 5393.1 5541.9 5713.4 5990.3 6016.1 6110.8 6195.2 6468.7 6756.9 6920.1 6982.2 7147.8 7467.0 7852.8 7923.1 8150.5 8490.1 8868.1 8993.1 9198.2 9467.1 9970.1 10063.1 10294.0 10422.7 11201.0 11457.8 12408.0 12702.9 13654.0 14028.0 14926.0 15433.2 16908.5 18392.0 20009.0 20148.0 21707.0 21996.0 23483.0 4269.0 5031.0 5870.0 5060.0 5867.0 6699.0 7531.0 8398.0 9358.0 10473.0 6926.0 7817.0 8716.0 9807.0 11093.0 12556.0 14409.0
204.8 205.6 221.65 229.8 242.72 263.08 271.14 313.3 364.71 393.06 438.68 507.5 536.12 540.05 579.63 593.3 614.98 630.5 637.4 699.7 713.5 736.73 785.54 817.97 825.1 869.11 882.04 978.4 987.3 989.5 1052.22 1069.1 1122.6 1212.5 1249.0 1276.2 1431.8 1508.5 1554.5 1767.6 1864.6 1926.6 1971.8 2179.3 2181.5 2546.6 2742.8 2747.7 2837.4 3210.7 3506.1 3651.7 3956.7 4577.7 5477.6 6413.6 7422.7
337.32 810.27 830.36 928.1 1228.31 1366.18 1396.81 1441.16 1640.34 1701.73 1721.2 1730.41 1838.23 1896.3 1922.12 1995.09 1997.0 2073.4 2129.2 2143.48 2163.7 2418.65 2486.7 2540.19 2559.8 2624.5 2816.3 2919.1 2997.2 3206.0 3239.8 3255.0 3260.8 3452.1 3535.1 3541.7 3592.1 3721.1 3847.0 4040.1 4172.8 4261.3 4367.9 4385.1 4539.3 4909.9 5057.9 5155.7 5354.6 5924.9 6002.7 6810.9 6934.1 7670.9 7957.1 9071.8 10270.0 11553.5 12815.0 14086.9 15398.9
169.25 176.05 197.1 225.12 243.35 245.9 246.35 257.8 314.0 459.39 484.44 615.1 645.03 649.36 667.6 671.58 758.8 929.0 938.34 1069.06 1202.5 1224.36 1229.5 1396.55 1507.9 1745.42 1832.5 1932.7 1951.8 2108.4 2176.0 2456.5 2536.0 2752.7 2782.9 2783.4 2846.9 2902.7 2983.2 3214.2 3236.9 3314.5 3534.8 3617.6 3662.5 3677.1 3680.1 3876.4 3943.5 4068.3 4254.2 4374.7 4437.6 4553.4 4630.5 4666.8 4796.5 4846.8 5104.1 5231.5 5242.0 5570.4 5598.6 5681.4 5758.2 6054.2 6115.6 6199.9 6565.0 6585.8 6615.3 6777.9 7085.3 7086.4 7145.1 7591.9 7618.2 7631.9 7657.9 7852.9 8013.5 8152.4 8188.1 8669.4 8765.8 8805.3 9055.7 9326.9 9384.9 9828.1 9992.7 10182.7 10672.9 11071.2 11308.7 11311.7 12042.9 12400.2 12722.7 13816.2 15323.1 16934.6 18669.1 20542.2
322.4 795.9 867.0 875.8 908.4 1271.5 1274.1 1397.1 1401.0 1711.6 1725.1 1816.8 1985.4 2098.9 2272.4 2460.5 2496.0 2831.0 2872.0 2970.0 3065.0 3330.0 3591.0 3676.0
153.98 179.52 196.13 234.51 239.8 264.79 355.79 414.28 427.16 449.88 459.57 476.23 497.2 553.06 560.82 592.7 608.4 619.92 646.23 657.95 661.09 667.83 670.48 682.44 687.06 696.52 706.18 734.57 737.49 776.3 815.5 861.13 881.18 897.2 900.0 910.26 942.4 946.3 963.28 978.4 998.77 1021.42 1117.6 1149.4 1247.1 1261.6 1264.97 1274.03 1281.52 1299.61 1310.2 1343.5 1419.8 1590.02 1596.3 1618.39 1937.3 1986.03 1995.88 2015.48 2245.02 2271.1 2355.85 2534.29 2623.38 2700.4 2748.08 2779.77 2819.62 2833.71 2881.95 2994.71 3101.77 3267.74 3272.36 3549.5 3591.7 3719.5 3764.6 3837.0 3965.24 4039.4 4355.5 4383.0 4497.5 4734.2 4754.1 4837.0 4842.0 4900.7 5102.1 5310.8 5336.9 5372.4 5500.9 5783.6 5839.7 5853.2 5978.8 6343.8 6377.5 6857.9 6873.5 6926.9 7184.7 7353.0 7363.6 7927.6 7943.4 8340.5 8983.8 9015.6 9149.6 9858.8 9869.9 10647.7 10900.7 11145.5 12012.3 12168.2 12787.5 12790.0 13651.5
331.18 828.3 843.08 1149.3 1214.04 1402.5 1466.57 1494.88 1716.3 1774.38 1882.2 2056.47 2065.4 2217.3 2264.3 2341.9 2459.9 2530.6 2564.6 2642.2 2794.6 2846.7 2872.2 3008.9 3030.2 3033.0 3039.5 3072.5 3214.9 3242.5 3562.2 3598.3 3681.8 3819.6 3843.6 3919.2 3959.9 4045.7 4150.5 4222.8 4240.2 4276.3 4439.0 4454.3 4563.4 4575.7 4749.0 4900.0 5031.8 5045.4 5057.5 5102.1 5277.4 5406.4 5407.7 5507.4 5590.0 5805.0 5886.4 5915.8 5960.1 6048.2 6304.5 6369.4 6940.3 7452.2 7883.0 8639.2 8652.2 8977.4 9171.2 9739.0 9878.2 10001.4 10198.0 10252.4 10572.0 10659.4 11532.4 12068.4 12649.4 13340.4
97.31 180.6 185.18 206.27 251.91 263.27 307.01 437.37 442.4 466.91 518.34 585.64 596.66 611.11 662.0 693.77 719.1 731.21 741.4 767.51 798.11 848.49 877.2 934.58 1032.1 1051.0 1081.98 1270.0 1293.9 1336.1 1397.7 1452.92 1521.9 1541.0 1554.0 2063.0 2089.4 2112.6 2881.6 2896.4 2980.4 3966.4 4060.4 5023.4
354.14 846.61 879.03 1248.04 1268.95 1438.05 1548.78 1628.69 1690.02 1837.33 1978.59 2144.17 2205.47 2226.58 2331.64 2373.72 2381.01 2382.09 2519.62 2535.98 2575.24 2579.28 2626.13 2676.51 2758.49 2769.2 2791.89 2799.9 2810.55 2825.68 2912.9 3096.07 3112.46 3148.59 3172.14 3274.61 3344.5 3462.53 3503.35 3557.7 3582.22 3670.4 3677.31 3718.01 3787.8 3823.62 3883.94 3897.0 3956.8 4003.5 4216.21 4300.04 4422.07 4574.8 4599.07 4613.42 4743.5 4760.6 5067.7 5182.7 5434.1 5462.3 5466.02 5592.9 5975.0 6134.6 6439.1 7031.2 7453.1 7637.5 7941.2
111.78 252.6 265.59 295.86 310.54 335.35 471.11 483.7 496.98 526.38 540.09 594.09 596.76 607.79 708.37 711.18 736.85 741.4 762.34 765.7 796.62 837.33 870.6 886.98 889.3 893.5 896.05 919.84 932.75 946.23 969.13 987.54 1019.05 1024.44 1030.25 1063.93 1077.11 1103.78 1121.1 1126.35 1137.6 1141.12 1161.83 1171.7 1193.11 1209.91 1217.17 1245.43 1246.8 1247.69 1263.59 1281.71 1287.75 1307.2 1310.13 1311.4 1312.2 1315.78 1321.07 1324.9 1327.0 1330.87 1341.21 1359.75 1370.26 1379.94 1387.9 1395.59 1399.27 1403.84 1416.09 1425.3 1438.9 1441.18 1473.8 1477.38 1480.68 1489.88 1492.58 1494.7 1510.29 1536.2 1537.94 1573.38 1578.58 1579.4 1579.87 1580.11 1585.5 1600.07 1601.86 1603.8 1606.07 1617.5 1624.95 1628.03 1640.15 1647.72 1648.9 1659.68 1668.67 1678.87 1684.47 1687.9 1688.39 1690.46 1698.1 1714.0 1716.57 1718.57 1723.59 1739.6 1752.88 1759.94 1804.69 1808.7 1825.91 1826.25 1832.84 1859.07 1864.98 1883.02 1905.7 1925.31 1934.5 1975.73 2004.6 2006.44 2031.03 2035.7 2046.5 2062.8 2082.0 2095.0 2096.8 2144.5 2150.86 2154.9 2166.6 2174.7 2174.8 2193.9 2215.72 2226.6 2227.0 2237.7 2254.96 2272.23 2301.5 2315.21 2317.7 2349.4 2384.3 2384.74 2414.8 2423.86 2447.4 2464.7 2485.08 2508.3 2508.7 2524.4 2543.9 2550.75 2572.1 2604.3 2616.7 2652.69 2664.1 2671.3 2704.14 2811.46 2819.25 2852.7 2890.51 2926.6 2952.57 2970.0 3000.1 3055.2 3075.1 3099.9 3131.2 3151.12 3210.8 3272.0 3277.89 3322.84 3379.5 3486.3 3487.1 3519.4 3523.8 3562.7 3619.0 3650.0 3752.8 3898.7 3959.7 4052.8 4064.8 4070.9 4134.7 4211.1 4268.2 4292.6 4383.3 4573.5 4762.8 4912.0 5067.5 5121.8 5137.9 5162.4 5200.2 5319.8 5826.7 6097.5 6113.5 6251.5 6344.0 6752.8 6814.7 7177.5 7216.4 7286.9 7335.5 7768.7 8265.2 8331.5 8497.4 8704.5
388.634 879.879 941.97 1313.86 1317.66 1488.49 1635.04 1678.55 1760.52 1867.16 1902.8 1903.66 2004.83 2042.1 2064.0 2086.28 2187.9 2214.31 2215.18 2228.65 2301.1 2347.22 2358.58 2363.4 2419.22 2435.9 2455.31 2489.34 2502.54 2520.85 2553.03 2561.81 2565.14 2591.6 2661.0 2678.7 2757.3 2759.44 2796.41 2880.5 2893.16 2962.08 3061.2 3064.4 3093.7 3117.2 3197.5 3218.5 3294.4 3314.4 3359.9 3383.8 3445.9 3520.5 3759.6 3782.9 3874.4 3884.8 3920.5 3963.4 3998.8 4239.9 4274.0 4531.6 4566.9 4619.6 4732.5 4737.5 4769.8 5090.0 5096.9 5392.9 5508.5 5636.5 5923.0 6012.9 6248.9 6509.5 7186.0 7587.0 656.0 1019.0 1441.0 1837.0
124.751 297.1 308.98 321.55 342.23 375.459 411.965 419.59 509.97 530.31 587.065 645.9 711.61 720.09 747.7 792.37 804.75 828.09 846.0 878.12 897.63 904.8 930.28 931.07 938.17 960.1 976.07 980.13 1021.0 1071.5 1080.79 1107.9 1119.2 1196.85 1241.4 1283.11 1306.333 1369.27 1402.6 1466.75 1508.69 1534.628 1541.16 1558.25 1582.664 1584.01 1611.96 1622.27 1650.7 1666.4 1704.46 1716.56 1741.34 1751.56 1774.91 1806.46 1831.01 1894.81 1925.4 1972.58 1973.57 2016.4 2033.17 2104.5 2170.5 2243.37 2274.6 2306.6 2307.1 2312.1 2395.07 2497.7 2664.6 2665.2 2716.8 2729.97 2778.9 2968.7 3037.0 3052.4 3201.8 3275.8 3282.8 3402.8 3620.8 4088.8 4136.8 4411.8 4886.8 5098.8 5298.8 6122.8 6304.8 7199.8 7310.8 7352.8 7778.8 8335.8 8394.8 8813.8 9523.0 1304.0 1676.0
442.911 969.475 1033.147 1429.56 1582.975 1603.5 1737.26 1877.32 1996.74 1999.645 2023.06 2127.06 2138.68 2165.9 2229.23 2252.89 2272.85 2280.92 2305.7 2336.05 2361.6 2361.8 2388.81 2421.08 2430.69 2438.8 2443.92 2462.72 2469.66 2469.9 2482.51 2500.91 2509.2 2510.71 2512.9 2521.37 2547.1 2550.67 2553.7 2564.78 2583.22 2591.57 2595.8 2598.58 2601.2 2608.7 2632.99 2643.1 2645.84 2687.5 2693.4 2698.0 2718.5 2720.0 2726.22 2730.6 2734.1 2735.5 2736.7 2747.0 2752.0 2756.4 2777.0 2779.1 2787.3 2792.0 2794.4 2807.0 2819.9 2822.7 2823.3 2827.9 2837.59 2839.8 2842.3 2846.4 2851.5 2859.51 2864.6 2873.8 2876.7 2877.4 2881.4 2882.3 2892.1 2908.7 2920.0 2922.2 2937.81 2941.9 2942.1 2943.0 2944.24 2954.9 2974.3 2980.3 2981.3 2985.4 2997.9 3007.7 3013.2 3016.2 3026.2 3038.0 3042.8 3050.8 3060.31 3068.6 3075.2 3077.6 3079.9 3084.5 3099.59 3104.9 3110.51 3113.4 3115.4 3133.3 3182.3 3186.7 3195.7 3196.8 3199.5 3204.1 3207.7 3214.3 3215.6 3224.7 3237.1 3237.6 3244.0 3250.4 3256.3 3259.5 3292.4 3297.6 3298.8 3320.6 3324.0 3324.6 3353.4 3364.6 3364.9 3367.0 3376.5 3402.9 3406.65 3417.1 3450.4 3455.0 3533.2 3533.6 3541.9 3587.5 3590.5 3594.0 3596.2 3596.9 3624.2 3636.8 3685.4 3694.2 3707.7 3751.0 3809.5 3863.3 4006.0 4055.8 4151.2 4445.4 4618.2 5220.9 5573.4
39.578 236.14 274.28 318.179 321.711 411.496 442.2 518.7 525.26 572.68 588.533 624.45 665.42 692.96 771.11 822.16 823.05 823.31 868.05 904.318 908.62 946.029 985.7 995.7 1022.31 1032.0 1059.57 1089.48 1194.5 1197.11 1229.9 1241.2 1336.12 1395.53 1414.27 1430.24 1497.0 1507.0 1539.4 1576.0 1748.7 1755.3 1762.28 1816.04 1888.5 1972.2 2036.2 2048.2 2064.7 2172.0 2180.0 2293.1 2307.3 2433.5 2446.3 2586.2
536.068 1122.112 1204.614 1590.4 1632.58 1793.52 1808.166 1944.14 2017.06 2059.6 2081.96 2103.41 2150.191 2171.632 2223.5 2242.91 2296.09 2307.79 2310.02 2345.95 2362.073 2375.21 2386.2 2427.18 2442.04 2494.1 2502.207 2533.4 2544.43 2608.426 2622.32 2628.36 2629.389 2633.2 2637.5 2644.87 2659.35 2692.55 2696.95 2704.92 2752.43 2762.6 2811.92 2841.58 2886.0 2931.42 2954.3 2972.41 2978.5 3058.45 3070.6 3071.49 3151.3 3189.1 3242.9 3277.56 3299.0 3326.1 3341.6 3406.0 3461.23 3535.2 3542.17 3622.9 3688.1 3693.27 3780.5 3814.31 3893.35 3894.2 3957.1 3959.6 3977.3 3988.4 4184.7 4217.2 4347.06 4370.8 4540.13 4551.0 4590.5 4628.4 4635.2 4827.8 4933.2 4942.66 4971.6 5070.0 5121.1 5296.7 5437.5 5560.9 5587.7 5604.8 5891.7 5953.1 5960.0 6290.5 6605.9 6643.3 6971.3
80.1854 163.93 341.145 364.49 404.815 565.19 636.991 666.934 699.9 722.909 805.93 913.84 952.29 971.22 973.11 994.42 1034.32 1045.55 1113.28 1156.55 1191.15 1245.0 1320.25 1397.34 1456.29 1584.18 1600.6 1616.3 1621.02 1641.42 1654.22 1721.91 1804.42 1805.3 1860.7 1997.8 2089.5 2194.3 2249.3 2297.1 2517.8 3185.9
667.72 1297.919 1440.327 1803.719 1963.0 1985.654 2040.36 2110.28 2111.85 2167.09 2168.8 2187.22 2214.06 2303.43 2350.65 2353.2 2394.91 2424.78 2469.11 2512.1 2555.4 2583.75 2588.7 2613.46 2650.4 2670.01 2714.4 2752.27 2754.44 2828.1 2838.86 2840.1 2872.6 2890.7 2916.85 2935.4 2958.76 2960.4 3058.14 3076.42 3084.5 3112.09 3121.7 3155.81 3180.8 3192.78 3213.99 3226.71 3237.2 3243.4 3260.9 3320.4 3353.35 3385.2 3699.5 3792.3 3875.3 3954.2 4027.0 4094.5 4188.6
233.221 262.7 529.869 607.87 680.257 743.752 875.33 911.45 928.52 1052.296 1071.04 1169.52 1236.448 1298.238 1350.379 1386.15 1589.94 1609.3 1701.4 1716.4 1743.75 1789.58 1861.8 1876.3 2062.0 2092.75 2123.7
847.041 1613.77 1731.16 1919.6 1965.5 2136.61 2272.01 2302.25 2352.97 2408.5 2547.55 2588.46 2653.9 2772.9 2867.37 3083.78 3255.74 3300.0 3314.5 3360.46 3375.39 3477.0 3492.29
288.455 526.551 1131.512 1260.416 1448.36 1457.566 1543.7 1565.288 1678.065 1781.39 1791.213 1894.45 1927.294 1968.323 2045.892 2048.55 2092.943 2112.4 2151.52 2233.041 2255.479 2357.24 2371.99 2408.66 2447.3 2466.11 2475.08 2477.87
1313.028 1694.387 1891.705 2125.69 2261.53 2289.53 2414.75 2444.4 2465.02 2559.88 2582.4 2608.47 2634.16 2849.33 2869.0 2979.07 3211.89 3275.23 3830.05 3872.81 3873.16 4057.6 4269.34 4320.0 4454.07 4474.01 4545.0 4711.2 4947.42 5016.99 5217.8 5321.06 5608.2 5760.2 5800.1 5832.2 5861.6 5870.8 5968.5 6013.0 6052.6 6091.2 6103.9 6114.5 6126.4 6169.9 6186.36 6200.1 6253.5 6409.0 6412.3 6624.07
601.05 986.2 1218.0 1220.07 1302.73 1461.28 1512.16 1534.32 1621.1 1668.13 1715.55 1752.56 1766.17 1796.08 1808.75 1820.56 1841.49 1849.69 1873.13 1879.26 1898.3 1926.4 1935.2 1936.05 1991.18 1997.06 2010.8 2013.1 2029.8 2088.0 2089.67 2099.97 2114.0 2144.32 2147.0 2155.11 2191.19 2196.15 2229.97 2237.76 2244.09 2281.59 2345.65 2356.28 2368.32 2380.3 2422.7 2444.0 2452.4 2474.84 2490.38 2566.9 2571.09 2608.8 2629.7 2671.59 2676.3 2726.14 2829.8 2844.5 2909.8 2922.6 2960.3 2983.5 2993.9 3022.9 3117.6 3254.0 3263.1 3276.72 3287.6 3353.0 3417.1 3458.62 3500.7 3540.6 3544.0 3570.13 3571.69 3670.6 3729.66 3795.43 3800.7 3862.5 3866.2 3911.27 3986.9 3996.3 4016.2 4025.73 4028.92 4038.96 4064.6 4083.87 4103.3 4105.0 4129.99 4140.98 4160.94 4173.11 4189.0 4199.1 4211.6 4260.4 4270.3 4276.53 4288.1 4298.3 4318.2 4332.78 4350.5 4379.7 4380.2 4402.78 4420.7 4424.7 4477.8 4489.4 4501.9 4543.3 4559.9 4609.3 4680.6 4685.8 4750.3 4758.0 4784.7 4802.5 4880.5 4899.0 5132.2 5148.8 5170.2
588.825 1072.53 1464.0 1554.5 1866.3 1903.1 2015.4 2114.7 2117.2 2212.5 2262.2 2284.1 2331.3 2334.0 2398.1 2535.1 2543.7 2572.4 2674.2 2835.6 2890.4 2952.6 2964.4 2972.1 3131.3 3496.3 3516.4 3571.3 3899.1 4182.0 4318.9 5341.6
22.86 31.85 559.69 594.28 624.29 670.15 678.86 1008.45 1059.16 1086.2 1179.6 1193.28 1194.9 1312.98 1399.7 1418.2 1444.34 1448.67 1493.63 1512.5 1577.1 1684.31 1809.9 1862.2 2014.7 2158.9 2192.9 2500.2 2575.3 2921.9 2925.4 2993.9 3161.6 3212.1 3547.9 3586.2 3793.1 4023.1 4232.7 4299.2 5096.5
376.658 834.288 1304.4 1313.4 1416.7 1572.9 1725.4 1771.6 1954.3 1983.0 2184.3 2255.9 2589.0 2590.4 2735.9 2775.2 3159.3 3246.0 3269.5 3282.8 3730.1 3812.1 3997.6 4432.1 4744.3
35.6 111.9 481.5 552.2 998.2 1029.1 1155.0 1332.7 1494.4 1670.8 1679.1 1972.9 2134.7 2396.5 2574.7 2696.7 3106.7 3365.7
287.2 690.7 1181.1 1622.4 1732.2 1864.5 1888.3 1981.2 2211.7 2342.6 2351.2 2605.3 2805.9 3014.3 3210.4 3739.7 3764.3
78.8 322.9 547.3 567.0 741.1 1008.2 1428.9 1962.7
252.6 644.3 1132.2 1688.0 2302.7
