117 143
307.0 801.0 1427.0 2149.0 2945.0

240.0 288.0 509.8 762.0 807.2 1129.1 1381.0 1472.0 1830.4 2111.0 2200.3 2576.4 2941.0 3857.0 3871.0 4891.0
80.0 208.0 435.0 716.0 1035.0 1398.0
68.5 98.2 99.2 209.8 210.8 313.9 589.9 627.7 893.9 1197.9 1220.8 1568.1 1863.9 1888.8 1928.3 2077.5 2294.6 2295.3 2451.4 2543.6 2661.5 2824.9 3019.3 3031.5 3138.6 3369.5 3482.2 3698.5 3776.0 3856.8 4170.9 4256.5 4455.6 4623.0 4683.8 5066.1 5294.4 6216.3 7225.8 8322.9 9512.2 10796.2 12184.0 757.1 1372.0 2098.2 2914.6 3808.6 4776.9 5820.7 6940.7 8144.7 9438.7 10811.0
15.36 45.8 69.47 117.46 122.26 124.94 127.0 142.31 161.3 177.65 205.72 224.3 237.34 261.2 265.72 273.53 279.9 301.86 307.36 319.91 332.83 338.97 350.1 364.72 411.27 484.75 538.0 550.54 194.0 225.95 326.3 407.9 429.2 648.06 714.2 880.6 932.83 1221.85 1273.2 1540.0 1567.9 1911.8 1977.4 2304.6 2354.1 2695.6 2810.3 3122.9 3291.0 3565.6 4325.1 4459.9 5220.1 6165.1 7213.1
30.61 94.61 123.4 156.74 294.4 477.3 563.2 723.1 866.9 999.7 1160.1 1203.7 1323.4 1571.6 1593.9 1685.2 1730.1 1961.3 2057.6 2066.6 2197.1 2377.4 2436.8 2486.0 2788.0 2918.3 3227.6 3354.4 3729.8 4056.0 4258.9 4621.6 5214.5 6238.5 6252.5 7360.5 8563.5
169.51 189.01 211.67 242.92 253.23 270.33 272.15 272.64 282.66 301.14 312.49 338.5 348.84 362.73 397.65 399.62 401.45 404.26 417.24 441.6 443.9 462.55 464.95 479.03 505.7 512.36 537.2 557.98 596.17 596.67 608.7 613.98 671.46 732.4 751.66 770.88 846.6 864.1 895.7 920.69 933.86 950.4 1000.9 1014.48 1040.3 1044.5 1049.22 1097.88 1131.92 1141.59 1168.62 1216.6 1244.56 1259.83 1264.2 1388.91 1433.4 1589.4 1623.2 1638.3 1661.6 1707.3 1977.5 2434.4 2846.6 3331.9 3820.2 4330.4 4895.0 5412.3 6076.0 6539.3 7346.7 7638.8 8602.1 8737.8 205.8 422.4 644.8 943.3 1253.9 1618.1 1993.1 2393.3 2799.2 3216.2 3655.4 4091.0 4576.9 5030.3 5569.2 6048.0 6648.2 7157.3 7809.2 8359.1 867.9 1519.4 2265.3 3073.8 3944.2 4900.0 5948.4 7081.8
77.11 84.82 140.3 185.1 253.1 266.1 540.7 631.8 683.3 820.5 850.0 1196.6 1203.9 1279.0 1293.6 1574.9 1753.9 1899.2 1963.1 1986.5 2055.3 2318.2 2396.5 2424.6 2425.5 2518.4 2570.9 2691.0 2698.9 2832.9 2895.9 2919.6 2943.9 2945.4 3178.3 3244.0 3257.2 3278.6 3385.5 3553.5 3616.6 3723.9 3964.5 3976.0 4009.9 4358.3 4451.0 4592.9 4920.5 4925.4 5212.8 5429.0 5518.6 6519.9
217.87 233.63 241.0 257.6 281.2 328.28 347.82 454.7 457.11 489.41 508.51 538.88 542.67 589.45 681.84 709.53 776.6 781.51 841.92 876.9 903.5 1097.48 1140.5 1210.75 1234.33 1241.63 1293.0
66.09 138.96 180.92 246.53 272.88 452.23 454.4 567.62 578.0 589.7 621.7 686.0 707.35 713.1 854.15 866.5 872.5 1043.4 1131.0 1151.0 1200.95 1289.3 1316.1 1323.8 1442.4 1458.2 1492.3 1566.24 1618.0 1787.9 1802.1 1956.3 1981.55 2089.7 2094.2 2096.9 2104.8 2117.5 2143.8 2167.1 2202.5 2238.5 2255.6 2258.3 2321.19 2440.3 2578.0 2639.1 2691.0 2696.8 2747.8 2897.6 2935.7 2959.8 3000.2 3002.4 3008.4 3018.0 3061.2 3062.0 3156.8 3261.9 3353.8 3365.8 3369.8 3563.6 3645.8 3647.0 3766.0 3815.6 3913.7 3984.2 4036.8 4101.3 4175.3 4305.2 4391.8 4640.4 4724.0 4954.4 5179.1 5187.3 5535.4 5865.4
187.88 215.44 229.5 273.44 317.15 359.11 374.998 114.6 187.56 301.7 322.5 335.3 430.1 453.4 510.8 551.8 596.6 755.3 772.7 907.7 1010.7 1104.1 1137.2 1162.4 1348.9 1377.0 1456.1 1737.6 1785.2 1894.8 1906.7 2086.4 2156.0 2205.6 2593.8 2620.3 2714.7 2794.8 2957.5 3025.5 3030.2 3507.2 3523.6 3807.8 3882.6 3924.5 3960.2 4453.4 4473.9 4917.7 4946.7
6.55 135.57 188.93 209.06 220.74 426.47 551.65 553.96 554.95 575.44 603.36 648.42 690.28 755.17 879.1 969.15 991.91 1023.84 1032.14 1150.0 1156.18 1164.92 1231.0 1255.63 1279.4 1339.2 1609.35 1627.8 1647.95 1648.82 1681.41 1692.1 1694.12 1700.93 1791.9 1812.49 1830.65 1890.1 1922.68 1940.43 1954.17 2019.12 2047.8 2077.76 2122.3 2254.8 2308.6 2320.1 2396.3 2631.9 2667.0 2676.2 2812.3 2908.0 2951.2 3042.4 3096.0 3236.1 3295.9 3406.3 3728.8 3801.9 3924.0 3948.9 4115.0 4129.6 4435.8 5032.7 5989.7 7000.7
80.37 131.54 148.35 163.25 170.49 253.87 270.2 278.8 314.52 318.1 375.6 432.13 530.2 535.0 565.5 618.12 638.2 688.35 878.26 954.3 962.1 974.8 997.25 1050.4 1126.5 1172.1 1242.9 1265.4 1479.8 1512.9 1673.8 1770.0 1805.6 1960.7 2074.8 2086.1 2187.0 2309.6 2446.8 2613.5 2796.6 2897.6 3082.5 3249.8 3547.5 4040.5
78.731 123.804 133.615 216.086 373.241 496.2 585.041 596.44 615.4 620.128 657.61 696.492 775.3 919.57 1047.682 1147.3 1170.68 1308.9 1323.1 1342.03 1404.6 1927.3 1948.5 1972.1 2153.1 2732.3 2815.1 2872.4 3039.4

80.9974 160.6129 383.851 437.0122 632.56 640.39 705.54 728.3 767.71 788.78 819.06 871.82 916.09 941.6 1071.46 1089.25 1172.69 1219.3 1429.9 1442.25 1604.3 1674.62 1692.4 1745.2 1880.6 1919.5 1923.4 1951.9 2000.5 2035.3 2295.1 2528.3 2643.4 2834.2
11.2442 60.0297 138.7441 173.7942 176.4044 176.64 190.2614 193.6162 197.7817 209.5458 234.3341 257.1075 267.6618 271.3489 290.9669 344.3594 377.1021 382.9834 434.1746 450.2381 451.425 454.0876 483.6574 502.8411 519.3217 539.657 570.8266 579.131 584.1804 613.021 621.997 624.0074 643.9642 684.504 688.626 693.838 701.9999 715.823 741.277 752.7029 801.253 821.605 831.684 835.714 839.813 880.349 912.608 916.175 937.63 941.343 948.138 976.31 991.882 1043.523 1088.423 1094.553 1100.334 1142.861 1162.508 1238.872 1254.198 1266.168
249.767 408.026 608.153 786.838 981.396 1062.385 1133.0 1192.0 1358.0 1632.9

455.491 848.88 1184.69 1273.2 1564.11 1569.83 1574.83 1651.23 1671.69 1783.46 1867.86 1893.99 1916.27 2068.02 2099.41 2216.78 2367.83 2784.19 2795.92 2849.1 2850.04 2945.17 3037.3 3104.15 3159.45 3377.46 3465.3 3496.39 3584.1 3694.1 3736.7 3786.92 3823.96 3907.2 3937.7 3938.8 3952.4 3955.7 3976.5 4351.6 4408.29 4776.6 5023.0 5494.2
10.81 15.71 79.9 258.411 335.35 403.7 412.15 450.22 540.95 555.97 691.11 912.42 952.04 1109.54 1157.34 1160.96 1205.2 1372.13 1488.82 1537.87 1559.5 1794.01 2022.12 2026.68 2263.05 2337.58 2490.96 2508.38
218.644 289.76 393.48 393.79 515.22 595.43 601.5 646.52 710.29 732.38 891.58 942.54 1006.73 1020.3 1037.27 1070.9 1139.11 1145.8 1215.02 1395.25 1411.7 1461.31 1498.8 1508.24 1510.33 1599.99 1652.75 1693.92 1718.43 1721.94 1735.7 1738.69 1793.2 1816.5 1831.4 2063.6 2099.62 2103.8 2119.64 2185.58 2238.8 2304.71 2328.77 2372.95 2423.5 2432.44 2491.6 2510.46 2586.06 2620.6 2727.63 2754.13 2797.55 2852.31 2936.84 2966.2 2967.46 2980.45 3130.33 3146.7 3156.08 3208.83 3372.72 3375.4 3504.67 3745.5 3776.0 3815.23 3924.74 4227.67
13.912 64.76 80.109 103.08 112.606 118.31 149.05 211.9 223.5 231.85 295.038 345.04 438.64 514.952 547.87 621.874 653.35 774.16 800.19 902.99 965.76 982.51 1081.57 1137.06 1159.71 1169.05 1193.6 1289.18 1427.59 1989.43 2286.06 2324.45
69.05 105.94 116.82 187.76 206.65 369.5 389.0 468.0 492.8 557.1 644.2 668.7 801.0 843.1 850.8 862.4 975.2 979.8 1097.1 1121.0 1134.3 1195.5 1338.7 1483.0 1488.5 1556.6 1577.5 2112.9 2131.3 2784.0 2789.3 3501.7
12.937 39.442 70.76 85.61 97.3 204.019 210.167 243.09 250.84 302.9 304.71 419.35 598.2 600.21 657.468 707.6 719.02 732.91 757.46 776.9 886.87 944.627 1067.07 1068.4 1090.05 1195.68 1252.5 1312.66 1423.1 1614.62 1836.8 1876.0 1952.4 1961.5 1969.8 1984.76 2095.7 2175.8 2281.79 2296.9 2373.9 2500.21 2739.4 2759.4
76.6 90.3 349.1 372.4 755.9 769.1 816.6 872.6 1072.1 1155.6 1182.3 1253.8 1254.7 1398.0 1549.9 1558.8 1803.2 1804.9 1812.5 2032.4 2053.0 2293.6 2423.9 2427.6 2581.1 2627.3 2860.3 3086.6 3117.9
