121 148
134.42 139.36 176.0 213.3 236.6 274.0 303.87 372.2 379.4 502.7 558.9 617.6 733.9 747.2 774.6 990.5 1024.1 1133.8 1270.2 1274.1 1289.9 1581.7 1598.0 1783.7 1890.7 1904.6 1912.4 2248.3 2254.1 2519.9 2534.9 2600.0 2640.2 2978.9 3127.6 3246.4 3322.4 3413.9 3725.0 3752.2 3919.5 4049.8 4209.4 4471.0 4471.1 4664.1 4826.9 5041.7 5260.6 5525.1 5690.7 5932.5 6136.1 6497.9 6654.5 6895.9 7114.2 7719.8 7938.9 9064.9
196.1 570.0 939.5 1083.0 1167.8 1272.0 1704.0 2398.0 3124.0
92.5 120.95 153.61 169.01 202.32 328.0 335.52 374.22 397.49 460.7 482.3 564.26 582.28 612.57 695.27 721.18 756.5 790.89 799.21 878.3 1090.95 1136.3 1172.8 1325.4 1483.4 1820.2 1831.1 2019.5 2107.3 2518.2 2616.6 2800.8 2817.2 3243.0 3353.0 3534.0 3594.1 4002.5 4363.3 4765.4 5213.4 5674.4 6176.4 6718.4 7245.4 7882.4 8402.4 9133.0 9607.4 10841.0 12148.0 13551.0
229.89 651.65 873.18 898.0 1162.02 1217.0 1228.38 1324.76 1672.23 1739.6 1858.12 1912.91 1923.23 2034.2 2261.77 2267.06 2285.29 2359.45 2460.0 2479.02 2497.5 2647.4 2687.48 2690.7 2704.89 2721.2 2721.63 2906.4 2975.16 3095.8 3109.8 3156.74 3177.1 3286.89 3335.5 3436.2 3591.5 3691.8 3694.0 3772.6 3891.5 3968.2 4125.9 4228.0 4407.3 4534.3 4603.8 4761.8 4892.5 5009.7 5215.8 5392.4 5446.0 5638.9 5725.0 5763.2 5905.8 6080.4 6290.4 6383.0 6556.0 6711.1 6870.8 6999.4 7229.9 7366.0 7502.6 7716.4 7866.8 7983.4 8512.4 8794.4 9053.4 9613.1 9950.7 11182.5 12491.2 13880.4 15335.4
43.69 67.7 166.4 168.62 237.4 300.4 325.9 384.92 572.9 639.43 651.4 688.0 702.3 735.5 751.0 753.6 763.3 841.8 910.4 931.3 1163.0 1242.8 1253.02 1284.2 1311.1 1354.7 1603.46 1803.2 1901.4 1970.4 2085.7 2350.3 2402.3 2474.1 2678.8 2747.6 2911.5 2942.6 3222.7 3532.7 3554.7 3769.7 3873.7 3912.9 4168.8 4291.7 4565.5 4668.7 4747.7 4964.7 5154.7 5458.3 5607.7 5928.5 6467.4 6679.7 7021.4 7574.4 7800.7 8201.4 8760.4 9946.4 11178.4
256.09 596.0 711.21 716.0 873.52 1236.13 1332.5 1341.0 1345.5 1742.65 1807.86 1890.21 1938.87 2056.25 2089.76 2255.32 2303.46 2408.34 2429.68 2484.6 2530.2 2567.0 2609.43 2773.0 2786.64 2813.36 2886.5 2942.13 3096.53 3236.67 3243.7 3261.52 3375.39 3389.7 3419.96 3450.6 3588.3 3746.9 3747.45 3886.86 3887.91 4074.12 4078.89 4093.2 4110.3 4121.5 4419.65 4456.9 4670.6 4714.0 4764.4 4845.7 4851.7 4856.2 4896.5 4900.29 4905.3 5086.7 5122.3 5199.8 5244.77 5255.8 5398.3 5509.6 5650.7 5662.6 5707.8 5725.3 5806.4 6042.6 6098.3 6182.8 6195.2 6415.6 6513.3 6530.7 6585.6 6700.8 6721.6 6968.3 6995.9 7183.2 7387.6 7461.3 7636.8 8145.2 8388.6 8621.8 9202.3 9700.8 10308.3 10872.8 11475.3 12132.8 12718.0 13469.8 14041.0 14878.8 15434.0 16895.0 425.0 693.0 1012.0 1377.0 1773.0 2206.0
56.16 80.33 81.1 159.66 195.4 269.5 293.91 324.2 375.1 415.73 579.5 599.2 668.99 715.3 728.4 777.06 805.1 832.5 838.8 868.0 876.9 906.4 963.73 987.3 991.2 1194.75 1219.0 1219.6 1230.4 1291.32 1305.3 1403.3 1410.4 1421.66 1434.9 1519.8 1625.9 1654.46 1673.9 1764.6 1777.6 1790.5 1807.8 1881.2 1961.2 1961.8 1966.8 2043.3 2196.1 2244.2 2305.1 2351.9 2451.7 2463.6 2497.4 2737.3 2869.1 2874.5 2923.2 2998.1 3059.2 3137.8 3273.8 3286.9 3342.7 3400.9 3482.0 3518.4 3622.1 3755.9 3786.1 3790.9 3949.6 3957.0 3983.2 4102.5 4217.1 4226.4 4352.7 4365.0 4408.2 4578.5 4745.7 4769.1 4816.7 4904.0 5131.4 5213.5 5227.9 5256.1 5675.7 5741.5 5795.1 6221.5 6725.7 6763.5 7878.7 9117.7
284.0 763.31 884.5 942.2 1321.1 1324.38 1372.32 1406.87 1710.0 1799.55 1833.75 1907.5 1931.34 1939.32 2008.9 2039.38 2175.6 2188.5 2192.5 2203.4 2218.8 2246.7 2347.2 2395.79 2412.85 2425.44 2451.4 2474.0 2531.5 2571.4 2600.25 2612.8 2626.9 2627.1 2629.0 2631.3 2669.5 2721.0 2721.4 2746.2 2848.6 2860.76 2878.4 2906.27 2927.0 2929.9 2975.3 2977.89 3082.29 3116.9 3292.5 3334.36 3345.76 3387.2 3506.7 3521.69 3683.1 3985.27 3988.17 4017.72 4112.2 4116.1 4194.7 4218.2 4556.8 4645.91 4720.35 4815.7 4901.6 4956.05 5036.1 5040.0 5052.2 5233.4 5384.0 5495.9 5499.5 5529.6 5551.0 5753.7 5852.9 5997.8 6011.0 6214.8 6240.0 6436.3 6493.0 6608.4 6732.7 6993.8 7036.1 7178.2 7443.2 7493.8 7530.0 7928.8 7980.8 8163.3 8484.9 8497.2 8659.0 8934.8 9032.2 9167.6 9563.9 9601.0 9814.0 10023.8 10167.6 10237.6 10649.9 10785.0 11055.0 11195.8 11386.6 11775.9 12442.0 12590.6 12981.9 13737.0 14238.0 15062.0 15500.0 16288.0 16780.0 17653.0 18217.0
8.42 110.57 182.04 253.76 263.1 278.57 278.81 318.38 457.02 459.29 467.3 542.27 544.74 617.81 643.6 659.97 667.77 711.92 787.07 797.4 806.84 849.44 864.1 883.43 888.65 906.7 911.38 928.59 999.1 1062.65 1068.1 1094.96 1119.85 1210.0 1210.5 1219.73 1258.1 1318.4 1389.54 1438.4 1439.23 1475.4 1545.3 1590.2 1610.2 1635.4 1654.6 1778.28 1804.8 1845.0 1866.33 1989.9 1990.5 2071.6 2146.3 2171.4 2281.2 2285.31 2336.7 2340.2 2369.4 2387.4 2412.9 2429.7 2462.6 2509.9 2599.6 2653.7 2674.7 2742.6 2815.5 2874.0 2903.1 2913.7 3044.2 3079.1 3094.2 3179.4 3368.2 3378.9 3430.6 3525.3 3687.5 3704.5 3741.8 3848.5 3852.8 3895.9 3948.1 4054.4 4137.6 4286.1 4320.2 4333.6 4351.4 4458.7 4502.8 4617.1 4663.9 4871.5 4951.1 5047.4 5152.0 5379.6 5469.3 5807.6 5975.6 6223.8 6352.1 6450.7 6843.6 6975.3 7434.0 7501.9 7964.1 9144.2 10388.3
357.38 888.89 901.85 908.02 1179.5 1361.06 1477.53 1544.4 1557.55 1592.84 1844.65 1882.97 1918.6 2012.57 2053.7 2079.18 2101.16 2168.39 2182.9 2229.9 2248.17 2269.2 2279.5 2317.99 2346.87 2395.05 2407.8 2433.8 2475.12 2557.1 2568.17 2602.1 2645.76 2733.7 2784.0 2799.79 2891.2 2928.1 2928.86 2935.4 3066.92 3259.85 3265.26 3289.9 3422.85 3434.94 3602.52 3658.9 3660.02 3676.2 3704.7 3712.0 3789.7 3798.7 3962.6 3989.6 4006.8 4077.9 4222.3 4256.1 4354.0 4404.1 4783.3 4879.3 4885.3 5155.4 5679.5 5730.1 5766.6 6037.2 6757.4 6972.8 8022.8
108.079 187.14 285.25 286.85 316.587 365.165 525.85 543.11 561.752 705.83 718.78 719.496 803.34 879.316 898.19 949.94 974.211 1029.9 1118.85 1154.262 1243.96 1291.61 1349.2 1417.8 1458.2 1475.69 1494.66 1682.6 1712.6 1796.4 1981.82 2044.7 2064.99 2108.8 2121.7 2163.17 2195.23 2271.17 2319.7 2357.6 2385.15 2460.3 2518.7 2533.6 2560.9 2611.1 2724.9 2794.7 2795.1 2862.2 2868.2 2884.0 3009.5 3057.0 3118.9 3138.4 3254.3 3256.5 3272.2 3303.1 3400.6 3431.0 3476.6 3510.1 3555.7 3584.8 3652.6 3656.8 3717.2 3808.0 3901.9 3940.5 3949.3 4046.1 4071.5 4205.0 4278.2 4307.4 4338.3 4410.3 4501.4 4512.0 4632.8 4670.0 4749.9 4974.7 5041.5 5162.8 5350.8 5387.4 5404.0 5489.0 5686.8 5855.9 6174.4 6235.6 6365.0 6440.4
464.588 1031.747 1127.67 1503.79 1511.17 1685.83 1729.42 1932.16 1998.24 2027.01 2046.33 2068.62 2119.82 2241.0 2312.62 2357.77 2374.5 2422.92 2483.33 2567.4 2718.23 2800.45 2855.86 2867.32 2901.31 2927.94 3094.83 3116.38 3122.56 3158.02 3188.67 3219.37 3340.33 3423.92 3494.81 3562.95 3599.0 3635.33 3663.53 3678.44 3768.21 3775.81 3906.3 3915.9 3950.6 3965.6 4061.8 4108.4 4312.3 4362.42 4524.8 4548.0 4711.6 4805.3 4863.7 4883.0 5033.4 5085.4 5249.0 5283.3 5307.5 5540.2 5556.9 5574.1 5835.9 5963.9 6295.3 6373.4 6484.9 6955.9 7239.3
12.322 288.247 291.174 302.366 539.786 577.546 630.559 676.478 858.496 862.76 883.34 887.108 902.0 923.943 968.8 1021.577 1112.335 1211.784 1283.96 1329.329 1352.68 1528.63 1529.2 1532.38 1563.38 1620.505 1689.63 1706.89 1711.9 1769.69 1830.29 1857.9 1941.3 2170.1 2365.0 2381.1 2457.4 2490.3
604.723 1167.969 1400.591 1643.334 1760.555 1969.923 1986.37 2029.243 2088.288 2118.196 2159.685 2164.621 2211.3 2254.95 2271.4 2279.87 2299.7 2334.77 2336.82 2371.03 2377.1 2379.114 2464.28 2480.34 2488.675 2506.26 2536.91 2564.714 2570.87 2574.31 2599.88 2656.23 2677.78 2696.58 2729.23 2747.967 2758.9 2760.74 2773.73 2779.9 2823.7 2828.48 2835.9 2851.26 2887.04 2912.9 2917.61 2938.93 2957.2 3004.41 3011.7 3027.39 3061.29 3068.85 3074.73 3086.75 3160.08 3216.3 3240.3 3242.2 3245.88 3272.1 3311.2 3327.23 3328.3 3368.98 3408.75 3432.15 3450.27 3459.3 3471.1 3499.68 3504.2 3548.5 3599.3 3635.9 3652.1 3898.9 3954.3 4001.2 4083.3 4517.2 4549.9 4635.2 5001.2 5015.2 5230.9
220.968 268.22 480.532 587.827 714.2 855.012 874.518 910.29 950.9 979.965 1008.0 1130.0 1200.48 1213.73 1225.86 1238.41 1298.54 1446.41 1557.35 1584.52 1609.31 1670.67 1719.57 1787.42 1830.5 1871.46 1878.9 1941.17 1955.4 1964.83 1971.6 1991.02 1997.57 2002.9 2075.43 2077.43 2150.7 2396.6 2447.76 2579.2 2658.5 2688.0 2710.78 2730.05 2873.0 2888.1 2897.1 3085.84 3092.6 3154.1 3169.2 3294.0 3510.3 3632.6 3786.0
818.515 1550.97 1579.02 1812.0 1866.596 2030.52 2053.876 2070.42 2080.07 2128.81 2140.222 2141.28 2150.36 2207.132 2222.73 2298.81 2315.43 2356.46 2373.745 2390.77 2399.86 2430.98 2485.44 2509.23 2532.46 2640.71 2661.63 2693.64 2711.1 2717.13 2772.4 2811.73 2840.23 3019.8 3045.6 3114.0 3370.0 3436.0 3504.9 3692.3 3767.1 3795.5 3926.1 3983.5 4137.0
283.41 661.659 1251.81 1293.88 1463.89 1481.69 1798.35 1838.0 1899.0 1908.0 2041.17 2047.23 2182.17 2228.78 2229.9 2270.83 2349.1 2355.6 2407.8 2438.76 2530.21 2590.0 2623.8 2662.62 2874.4 2964.4 3085.46 3127.28 3179.4 3221.0 3244.0 3316.22 3402.62 3680.53 3720.7 3799.17 3850.0 3855.8 3963.2 3976.7 4149.98 4206.6 4215.5 4550.0 4594.98 4765.3
1435.818 1898.615 2090.54 2189.93 2203.1 2217.88 2307.58 2415.41 2445.618 2583.17 2639.45 2779.39 2794.46 2851.51 2880.748 2916.36 2931.38 2991.16 3050.08 3154.65 3163.4 3183.83 3242.56 3257.53 3309.4 3338.8 3352.6 3359.6 3366.76 3376.47 3437.5 3442.22 3504.24 3600.7 3610.0 3622.4 3633.0 3643.63 3646.85 3652.6 3678.1 3693.74 3837.62 3910.9 3922.12 3934.92 4001.97 4012.3 4013.64 4025.87 4079.79 4083.73 4114.82 4115.0 4130.55 4143.1 4157.9 4197.52 4241.99 4279.61 4323.64 4331.78 4359.75 4445.57 4507.74 4535.64 4564.48 4579.79 4584.5 4586.11 4629.76 4646.04 4665.69 4689.5 4707.47 4743.34 4797.34 4855.79 4864.2 4872.05 5027.76
627.294 1081.96 1283.32 1308.2 1420.65 1538.96 1620.73 1680.78 1698.68 1748.25 1817.76 1828.8 1851.02 1877.37 1887.53 1895.4 1933.48 1946.02 1949.11 1951.54 1977.2 1998.25 2020.88 2037.96 2079.06 2089.88 2091.7 2100.07 2110.85 2129.15 2156.99 2158.77 2166.72 2173.94 2185.5 2218.91 2229.79 2249.85 2304.87 2349.79 2375.8 2380.7 2435.21 2461.66 2480.7 2485.52 2524.3 2529.68 2531.82 2549.68 2569.86 2605.73 2649.38 2743.5 2847.75 2994.42 2997.31 3259.1 3270.28 3401.36 3418.79 3434.43 3464.39 3665.66 3674.6 3701.94 3724.19 3769.22 3820.05 3839.73 3853.93 3887.9 3912.27 3950.82
602.35 1130.59 1510.67 1660.7 1802.88 1823.8 1951.6 1993.63 2138.3 2152.0 2204.2 2237.24 2309.5 2320.6 2429.52 2468.9 2521.8 2663.8 2692.1 2704.04 2722.4 2782.02 2787.5 2870.6 2873.8 2932.62 2973.5 3098.5 3296.4 3383.6 3451.5 3520.6 3526.6 3601.7 3656.1 3769.3 3851.05 3944.0 3973.2 4032.5 4037.2 4079.9 4275.1 4358.5 4388.0 4416.0 4499.9 4801.2 4981.7 5110.0 5173.7 5183.1 5310.42 5388.9 5588.33 5611.1 5651.1 5765.3
48.53 55.0 610.13 643.81 709.44 747.03 827.0 1056.24 1116.79 1187.3 1195.5 1202.1 1214.42 1226.5 1229.81 1231.63 1249.04 1256.78 1301.9 1341.5 1432.29 1503.98 1546.02 1572.5 1583.13 1629.74 1654.09 1677.01 1690.32 1709.92 1717.35 1719.6 1764.09 1765.32 1836.2 1844.53 1853.87 1874.01 1942.49 2010.18 2062.43 2107.24 2114.8 2142.82 2274.06 2328.9 2363.54 2382.73 2394.6 2432.8 2449.89 2874.68 2928.8 2972.66 3004.55 3031.95 3043.04 3078.43 3087.6 3099.51 3111.98 3120.36 3127.2 3132.88 3170.2 3175.4 3189.67 3243.04 3247.4 3259.26 3273.5 3315.53 3334.89 3431.73 3441.7 3456.54 3833.5 4239.1 4364.4 4533.42 4544.72 4591.2 4671.0
359.597 834.81 1292.22 1326.48 1424.1 1466.09 1535.53 1541.47 1639.6 1693.0 1747.34 1781.5 1848.44 1953.0 2070.44 2127.9 2159.6 2229.47 2341.75 2513.9 2569.78 2680.4 2815.1 2882.59 2926.0 3144.39 3154.0 3261.7 3283.29 3343.3 3507.5 3573.08 3795.0 3933.0 4369.3 4517.5 5280.4
33.32 117.36 228.86 232.421 263.371 306.59 460.7 466.74 534.83 597.76 660.0 670.56 695.56 716.3 729.27 822.75 830.88 834.1 933.68 953.8 1066.8 1082.74 1085.15 1100.64 1109.96 1153.55 1178.0 1203.52 1232.0 1253.36 1299.7 1410.5 1440.87 1452.28 1525.5 1575.98 1579.5 1800.2 1880.0 2007.4 2271.2 2425.6 2473.8 2586.5 2998.5 3165.5 3201.0 3858.7
199.326 530.19 758.94 838.37 961.53 1020.03 1038.83 1315.64 1355.24 1470.84 1772.95 1837.58 1848.16 1864.25 1880.98 1991.46 2044.32 2159.26 2212.42 2279.07 2362.94 2375.39 2664.0 2667.07 2863.68 2903.66 3320.72 3519.0 3991.5 4242.1 5027.6
112.64 175.26 198.69 277.28 319.72 416.5 435.69 454.63 462.5 492.12 507.5 547.09 566.72 611.07 617.1 627.1 641.2 663.3 672.53 724.4 753.35 785.26 795.9 819.77 836.2 851.44 865.7 872.37 900.2 1050.29 1098.2 1116.75 1137.63 1155.14 1240.0 1240.52 1299.68 1353.52 1393.9 1640.2 1718.3 2282.5 2922.4 3627.9
181.05 513.5 738.75 820.89 958.17 1024.36 1052.5 1115.22 1256.21 1348.96 1482.37 1566.42 1715.1 1777.46 1874.49 1944.52 1968.4 1974.2 2029.21 2051.77 2090.25 2096.67 2191.02 2212.87 2292.53 2349.73 2389.03 2442.79 2515.88 2529.9 2632.1 2710.0 2790.5 2876.3 2938.61 2953.4 3192.4 3297.6 3452.3 3523.8 3736.8 4071.8
46.15 74.95 85.18 109.79 185.64 198.91 279.0 291.92 319.4 326.14 359.01 360.31 365.74 397.25 450.64 451.0 461.84 487.04 490.82 513.43 572.7 595.5 642.1 690.9 712.3 842.8 1067.5 1140.3 1558.1
141.8 423.1 687.2 775.0 807.9 963.2 1049.2 1255.7 1264.7 1644.92 1767.78 2117.3 2303.5 2659.3 2867.0
