121 148
251.0 668.0 1229.0 1912.0 2695.0 3562.0 4504.0 5515.0 6588.0 7718.0 438.0 701.0 990.0 1304.0 1640.0 1996.0 2371.0 2757.0

230.8 634.1 1184.2 1854.5 2621.9 3471.8 4397.5 5398.4 6471.8 7612.3 8796.6 10007.1 550.6 988.0 1488.0 1980.0 2519.5 3153.1 3883.0 4703.4 5606.9 6587.6 7647.1 8787.8 448.5 715.7 1008.1 1321.9 1655.7 2005.3 2365.4 2725.3
69.0 191.0 324.0 549.0 750.0 1070.0 1344.1 1739.9 2093.3 2543.1 2986.3 3462.1 3999.4 4472.1 5095.4 5549.1 6233.0 6683.0 212.0 382.0 403.9 598.1 805.0 859.7 1128.7 1347.0 1453.2 1779.7 1998.0 2153.2 2528.7 2746.0 2935.2 3583.0 4495.0 5469.0 6529.0 7670.0
57.5 107.0 182.7 194.3 200.8 207.8 249.2 296.41 324.9 362.1 378.8 546.0 625.6 643.8 685.5 783.2 1005.1 1072.7 1111.2 1120.2 1289.1 1481.3 1491.4 1615.5 1727.1 1801.7 1818.2 1978.5 2013.5 2033.1 2037.1 2074.8 2330.9 2412.0 2458.9 2496.8 2625.1 2631.4 2660.2 2850.5 2863.8 2884.9 3038.2 3046.2 3300.7 3329.1 3401.1 3749.2 3804.5 4078.0 4216.8 4589.3 4772.8 4954.8
186.0 323.0 553.0 764.0 1093.0 1377.0 1788.0 2145.0 2622.0 3053.0 3580.0 4089.0 4648.0 5239.0 5806.0 6475.0 147.0 210.0 388.0 454.0 612.0 870.0 931.0 1179.0 1505.0 1560.0 1882.0 2268.0 2314.0 2676.0 3096.0 3172.0 3500.0
73.3 188.1 249.5 250.3 252.4 425.8 441.1 610.6 653.5 711.1 862.3 966.9 1140.2 1143.7 1202.3 1203.3 1341.9 1452.1 1630.3 1630.5 1702.1 1773.0 1784.6 1883.3 2062.9 2106.7 2122.2 2145.9 2161.4 2192.2 2252.1 2289.5 2291.8 2313.7 2446.3 2495.9 2565.3 2707.9 2723.0 2725.6 2808.9 2919.1 2971.8 3021.4 3030.2 3156.2 3293.2 3427.6 3461.9 3639.9 3710.1 3893.2 4027.4 4033.2 4240.6 4243.9 4451.2 4589.1 4778.2 4901.3 5026.4 5156.6 5392.2 5533.1 5786.2 5897.2 6039.4 6153.6 6445.2 6513.1 6847.2 7141.4 7171.7 7959.2 8190.7 8332.4 9276.7 10449.7 11711.7 13060.0 14489.0
37.0 70.4 85.0 104.06 146.79 151.2 152.2 219.26 221.75 255.2 256.18 267.46 270.81 272.0 282.18 306.06 323.59 338.2 340.46 347.5 393.4 402.12 409.95 439.88 445.4 502.92 514.28 520.17 523.9 545.27 595.59 620.08 628.3 654.6 681.13 760.63 762.9 790.44 850.8 852.0 914.8 916.51 926.43 1056.71 1094.6 1105.76 1138.95 1163.72 1186.0 1205.2 1336.47 1371.93 1399.2 1484.8 1543.9 1749.7 1903.5 1906.6 2143.8 2272.0 2314.0 2576.4 2739.0 2762.4 3044.0 3195.3 3199.9 3542.1 3653.2 3744.0 4064.1 4101.3 4241.2 4521.7 4831.0 4976.4 5394.5 5441.4 5942.5 6006.4 6466.7 6637.5 7004.9 7601.6 7923.5 8157.1 8838.6 9255.0
67.7 172.1 247.6 440.9 445.1 694.7 915.0 1019.8 1313.7 1556.0 1722.3 1947.9 1983.0 2068.1 2217.4 2239.3 2294.9 2340.8 2351.7 2405.0 2429.0 2476.0 2567.9 2568.9 2787.9 2790.0 2821.2 2839.0 2907.0 3014.8 3066.7 3093.7 3251.1 3389.4 3418.2 3473.3 3728.7 3754.5 3780.6 4154.1 4173.9 4195.0 4264.1 4551.7 4592.9 4599.0 5043.4 5055.6 5077.5 5358.1 5473.0 5503.7 5558.9 5931.0 6087.2 6335.0 6484.3 6512.8 6633.2 6753.9 7561.7 7693.6 8654.0 9769.2
110.44 131.01 219.73 267.31 304.1 307.48 340.61 350.71 384.78 430.18 431.51 443.22 444.39 477.15 477.96 481.89 523.88 589.06 594.28 606.75 645.49 672.93 697.01 810.47 827.5 913.62 985.91 1032.45 1168.72 1196.79 1289.04 1431.19 150.3 160.4 279.0 385.4 456.3 522.9 677.5 802.2 947.0 1048.5 1077.9 1250.2 1422.8 1434.5 1597.3 1748.5 1778.2 1970.1 2163.0 2194.1 2384.4 2586.7 2590.3 2818.2 2961.0 3096.1 3289.5 3541.5 3771.4 4105.0 4271.6 4589.6 4720.2 5185.0 5185.2 5644.5 5696.8 6156.8 6658.1 6818.8 7203.2 7759.0 7949.8 8282.7 489.7 732.6 1046.6 1418.2 1841.2 2305.6 2807.9 3340.0 3889.5 4462.0 5054.8 5638.0 1613.9 2534.4 3532.1 4604.7 5753.0 6982.4 8301.0 9713.4
26.2 145.4 195.63 230.43 304.52 417.0 421.51 440.49 459.88 463.01 588.22 595.12 640.67 671.68 743.59 906.7 911.15 1024.38 1055.28 1174.2 1224.2 1225.92 1329.05 1356.9 1410.6 1444.8 1704.9 1752.3 1752.4 1774.81 1809.14 1846.2 1889.95 1910.21 1917.5 1933.2 1951.1 1997.2 2090.8 2116.32 2121.7 2159.9 2235.4 2267.8 2345.7 2355.1 2477.3 2497.9 2545.2 2549.2 2620.8 2639.4 2641.16 2679.6 2680.72 2699.5 2845.2 2848.3 2915.4 2935.5 2942.1 2975.3 3018.5 3118.7 3145.8 3243.7 3267.6 3287.2 3369.1 3399.4 3483.4 3527.4 3540.9 3544.4 3580.6 3610.4 3619.0 3654.8 3682.4 3689.1 3809.3 3922.4 3973.6 3988.7 4024.3 4043.2 4230.8 4332.1 4376.9 4381.3 4479.8 4526.6 4531.4 4580.2 4703.5 4775.3 4839.1 4968.3 5103.8 5184.2 5210.5 5490.4 5581.3 5654.1 6038.1 6139.0 6602.7 6606.1 6673.7 7149.0 7185.1 7618.7 7735.3 8832.4 9974.4
135.34 155.369 182.072 188.18 216.856 279.14 357.37 359.05 390.83 406.87 485.04 508.47 523.83 584.37 606.745 648.33 669.76 731.77 736.9 820.02 873.45 897.8 1191.6 1254.01 1485.6 1878.2 2264.6 2719.2
87.939 97.259 130.803 174.1 477.224 495.02 535.604 541.2 563.35 591.25 654.56 765.36 784.552 838.21 867.15 950.33 980.0 1045.945 1092.37 1153.35 1188.62 1194.62 1218.85 1220.0 1260.55 1311.07 1318.59 1365.02 1377.93 1382.0 1396.43 1468.88 1495.8 1561.22 1657.4 1661.13 1663.8 1690.66 1715.41 1734.26 1735.46 1738.12 1748.28 1753.64 1778.22 1784.19 1784.8 1806.61 1815.8 1850.9 1857.38 1912.82 1954.1 1958.67 1967.79 1983.39 2018.26 2029.84 2035.22 2036.04 2039.51 2062.18 2075.57 2122.53 2132.08 2137.19 2155.47 2175.0 2175.64 2199.95 2201.3 2220.0 2249.98 2261.71 2262.44 2289.29 2298.5 2359.9 2367.35 2368.35 2424.1 2449.62 2501.3 2503.67 2534.77 2572.76 2580.99 2682.25 2716.0 2727.2 2734.8 2851.1 2884.7 2891.3 2894.3 2915.9 2927.9 3003.8 3104.6 3111.2 3258.9 3269.9 3276.9 3278.3 3292.3 3363.1 3382.4 3431.4 3448.6 3551.6 3600.0 3614.9 3647.3 3762.3 3778.5 3948.2 4012.2 4030.8 4055.6 4072.0 4134.3 4226.3 4359.3 4396.4 4475.3 4511.1 4512.3 4568.8 4830.9 4870.8 4926.6 4938.4 5004.0 5038.3 5197.8 5219.7 5220.6 5319.1 5351.9 6144.0 6283.2
31.897 54.601 93.698 122.86 136.32 162.312 164.28 187.009 205.28 220.27 252.484 274.72 294.264 329.3 336.44 355.479 381.7 382.8 467.1 483.9 490.3 543.9 570.4 574.8 591.48 648.0 659.7 715.2 727.1 746.4 762.8 852.8 899.8 919.7 211.7 241.0 452.6 501.7 518.7 668.7 765.2 813.7 925.8 976.6 1194.8 1234.0 1412.2 1471.6 1510.2 1532.7 1555.6 1710.4 1739.3 1798.8 1969.3 2133.1 2146.2 2320.9 2403.6 2849.7
119.533 206.503 265.546 300.052 583.48 604.563 665.556 712.35 715.9 783.6 785.7 828.373 872.312 984.359 993.43 1038.52 1171.417 1377.7 1385.5 1437.2 1439.484 1449.635 1479.66 1500.7 1568.9 1599.25 1757.2 1766.976 1797.14 1850.73 1988.0 2121.5 2132.4 2232.6 2265.8 2304.0 2400.8 2494.2 2507.1 2626.3 2735.5 2795.7 2811.3 2973.2 3079.3 3105.6 3170.0 3181.0 3438.3 3500.0 3522.5 3638.6 3837.2 3890.5 3959.0 4262.6 4318.5 4552.7 4695.2 4820.6 5001.2 5209.4 5379.1 5461.4 5564.0 5772.4 6158.6 6630.6 7159.6
21.8 44.3 140.0 158.3 172.0 173.5 212.0 230.1 270.1 274.6 331.6 342.6 346.0 381.5 393.0 414.2 436.9 548.0 555.0 563.8 570.9 659.0 710.7 749.2 752.6 945.5 988.1 280.69 339.1 540.64 601.1 701.19 763.1 800.9 865.37 1021.2 1022.8 1051.49 1076.09 1261.8 1427.6 1852.2
10.56 447.15 493.03 641.94 709.3 762.3 781.55 835.3 917.42 926.35 1004.44 1171.4 1174.4 1255.1 1314.2 1365.0 1473.6 1535.1 1651.6 1723.0 1728.2 1786.3 1790.9 1801.1 1863.5 1869.5 1880.9 1894.4 1962.1 1973.3 2009.6 2053.2 2100.9 2337.0
72.57 116.17 161.18 192.19 230.41 292.98 413.31 479.34 510.45 518.68 642.34 737.69 738.7 823.37 842.79 900.6 936.9 947.79 961.4 1057.88 1102.6 1200.3 1228.5 1243.0 1358.7 1385.0 1490.5 1722.5 1733.1 1788.5
165.8576 1209.0 1218.96 1256.83 1381.3 1420.54 1476.41 1537.7 1537.87 1558.39 1578.04 1579.8 1683.3 1716.12 1761.2 1766.24 1856.2 1892.9 1920.74 1940.89 1962.9 2060.5 2157.9 6018.6 6114.0 6417.5 6758.9 7279.0 7632.0 8527.0 8582.1
29.964 34.6467 43.812 48.865 63.171 103.803 162.658 272.338 284.673 318.256 322.056 467.533 575.539 581.073 592.11 602.009 658.261 673.02 711.215 744.717 754.826 771.437 796.248 830.895 905.754 912.165 913.87 917.535 941.75 1035.664 1055.067
190.328 304.195 467.277 580.2 647.87 685.4 826.4 831.8 929.4 991.8 1039.3 1066.6 1172.3 1189.2 1426.5 1501.7 1551.4 1566.2 1628.2 1717.0 1740.8 1844.3 1872.8 1926.3 2180.9 2217.6 2293.7 2376.2 2385.4 2441.1 2468.8 2744.3
77.594 145.82 147.24 231.3 255.303 300.38 309.21 335.02 361.4 363.94 417.8 424.99 432.3 604.46 666.1 866.91 969.6 984.39 1009.7 1078.71 1204.35 1457.9 1539.3
29.811 208.347 211.482 291.276 424.93 461.99 465.903 642.9 666.98 699.33 830.67 883.91 924.945 956.22 973.08 1010.273 1055.85 1067.39 1110.3 1215.27 1225.38 1291.49 1303.0 1365.4 1407.936 1448.83 1497.89 1503.26 1559.36 1565.19 1568.75 1633.5 1757.8 1762.71 1958.1 1983.1 2194.5 2223.6 2291.94 2295.6 2307.03 2326.97 2347.25 2371.38 2379.2 2533.11
16.231 103.855 172.83 181.84 185.681 215.167 294.72 300.68 311.483 382.94 401.23 474.57 475.47 477.45 549.98 603.37 655.18 669.88 740.6 756.18 990.61 1085.82 1117.05 1223.86 1240.19
65.9 96.6 189.0 237.9 351.5 380.3 475.3 492.2 514.2 544.0 572.4 598.9 622.2 637.5 734.0 805.0 810.8 827.0 922.4 973.6 1033.5 1095.2 1171.1 1171.2 1176.8 1314.6 1598.7 1646.9 1862.1 2117.5 2210.1 2566.4 2846.1
121.17 140.69 144.7 197.02 294.7 326.5 372.4 392.5 409.7 417.6 429.3 438.9 443.4 466.6 488.0 499.8 574.3 646.9 675.2 686.4 708.9 722.5 757.7 880.2 1005.4 1041.5 1064.5 1181.9 1190.0 1224.0 1268.8 1308.3 1415.6 1443.3 1469.2 1481.4 1507.8 1534.3 1606.3 1624.7 1650.7 1692.9 1722.2 1777.4 1882.0 2060.4 2165.7
74.5 120.8 167.4 211.9 229.2 232.8 252.3 265.0 278.5 307.9 317.6 342.5 362.5 379.2 380.1 419.1 440.2 441.0 474.1 476.8 510.8 542.0 602.8 620.0 703.3 734.1 777.8 787.4 810.4 856.4 910.5 1109.7 1190.1 1241.7 1357.7 1532.9 1552.6 1588.6 1589.2 1648.6 1729.4 1758.1 1770.6 1963.8 2115.7 2309.7 2310.8 2519.0 2753.2
47.21 56.033 61.44 109.89 133.667 154.49 159.42 168.71 201.26 217.86 230.46 261.08 287.08 338.8 363.85 369.22 401.15 471.89 500.22 538.08 554.13 717.22 830.67 1229.04 1252.47
