124 152
142.0 448.0 892.0 1450.0 2100.0 2818.0 3513.0
133.9 135.76 282.0 300.1 462.3 510.4 678.2 735.3 912.2 1023.5 1143.2 1288.9 1653.5 1941.9 2336.5 2650.9 3262.9 4044.9
169.59 519.13 954.4 1015.01 1154.7 1337.23 1625.51 2313.13 2887.0 2991.13 3316.5 3598.33 3835.5 4285.94 4439.3 5095.18
28.9 29.56 155.4 159.84 205.68 272.0 317.93 358.63 545.95 592.9 688.1 702.9 703.2 734.71 766.7 769.72 859.5 990.17 1050.3 1086.7 1154.6 1343.7 1471.3 1744.8 1805.2 2020.4 2151.9 2451.6 2488.0 2706.5 2727.9 3036.7 3292.2 3624.4 3945.2 4332.5 4724.9 5176.5 5635.2 6150.5 6665.2 7252.5 7807.2
207.09 606.77 869.4 1052.4 1138.5 1157.1 1306.0 1312.1 1663.4 1700.7 1819.3 1847.1 1888.8 1979.5 2177.1 2240.5 2244.7 2285.9 2298.3 2332.5 2369.6 2384.6 2417.5 2466.3 2519.7 2530.5 2586.1 2659.0 2700.4 2735.3 2812.0 2859.6 2869.9 2974.6 3001.3 3014.7 3086.5 3106.5 3130.0 3131.6 3143.6 3269.1 3323.9 3383.2 3397.6 3478.0 3585.0 3666.4 3676.8 3722.9 3727.1 3809.5 3965.8 3996.3 4086.2 4102.4 4120.8 4281.6 4356.8 4404.6 4427.8 4476.5 4544.0 4595.0 4688.1 4791.8 4846.8 4935.6 5069.1 5072.7 5126.8 5184.5 5192.4 5280.6 5301.7 5352.0 5373.6 5478.9 5854.4 6005.8 6142.7 6225.0 6252.6 6316.9 6376.0 6501.0 6605.4 6929.8 7175.5 7219.4 7296.0 7336.0 7380.0 7462.4 7911.8 8139.5 8361.0 8405.4 8432.5 8521.0 8956.8 9219.0 9472.0 9514.5 9695.4 9800.0 10076.8 10403.0 10698.0 11078.0 11271.0 11975.0 12541.0 12547.0 13333.0 13875.0 14762.0 16265.0 17839.0
39.5 107.6 144.4 189.5 243.3 279.0 331.0 334.9 347.7 589.1 595.0 613.5 613.8 671.4 748.0 782.0 805.0 806.0 808.5 820.5 830.0 831.4 835.0 866.0 918.8 980.6 1134.0 1135.5 1176.0 1186.0 1229.0 1325.0 1337.6 1339.0 1347.0 1421.0 1445.0 1513.0 1550.0 1678.0 1826.0 1868.0 1906.0 2008.0 2148.0 2231.0 2534.0 2663.0 2773.0 2887.0 3008.0 3205.0 3286.0 3458.0 3582.0 3784.0 3929.0 4114.0 4290.0 4502.0 4706.0 4907.0 5131.0 5361.0 5613.0 5833.0 6099.0 6355.0 6642.0 6880.0 7185.0 7473.0 7782.0 8033.0 8377.0 8706.0 9276.0 1148.0 1782.0 2480.0 3253.0 4102.0 5025.0 6022.0 7093.0 8239.0 9460.0 10758.0 12133.0 13584.0
253.85 710.37 834.55 1025.7 1177.37 1322.83 1324.1 1671.99 1755.4 1897.6 1954.8 2053.0 2115.8 2313.2 2333.3 2381.0 2453.6 2560.6 2624.3 2642.5 2644.5 2760.9 2809.0 2958.6 3071.6 3296.5 3311.9 3317.0 3319.8 3681.3 3700.0 3860.5 3985.3 4026.7 4120.2 4448.8 4536.0 4553.2 4755.4 4862.4 4973.4 5305.3 5343.5 5384.2 5585.8 5608.0 5757.9 5881.3 5884.5 6211.9 6320.0 6341.6 6396.0 6533.0 6576.3 6642.3 6978.3 7388.0 7408.6 7412.3 7513.0 7583.0 7885.3 8380.3 8511.0 8554.0 8570.0 8605.0 8606.0 8912.3 9465.3 9664.0 9702.5 9703.0 9748.0 9816.0 10050.0 10650.0 10849.0 10876.0 10997.0 11132.0 11138.0 11283.0 11923.0 12097.0 12486.0 12607.0 13817.0 15178.0 1764.0 2720.0 3752.0 4859.0 6007.0 7124.0 8339.0 9627.0 10994.0 12442.0 13974.0 15595.0 17304.0 19109.0 21009.0 23001.0 25065.0 1755.0 2738.0 3790.0 4914.0 6110.0 7376.0 8714.0 10126.0 11615.0 13181.0 14827.0 16553.0 18359.0 20259.0 22255.0 1880.0 2928.0 4050.0 5246.0 6517.0 7863.0 9288.0 10800.0 12394.0 14098.0 15903.0 17807.0 19806.0 2592.0 3995.0 5473.0 7028.0 8662.0 10379.0 12169.0 14031.0
72.82 162.0 257.31 266.16 279.54 285.4 300.24 324.33 364.81 384.7 407.82 440.57 542.7 581.73 585.02 588.94 599.93 636.85 785.26 809.8 865.59 866.2 884.17 947.42 1054.63 1176.4 1212.0 1213.43 1295.1 1451.7 1590.9 1695.7 1805.3 1976.3 1994.26 2067.3 2202.0 2286.7 2313.3 2352.1 2386.8 2505.4 2563.7 2685.2 2761.3 2909.3 2912.3 3028.7 3035.6 3069.3 3198.3 3272.1 3287.4 3522.3 3539.3 3543.9 3817.7 3840.2 3893.3 3920.7 4152.8 4177.4 4313.3 4510.7 4549.0 4745.3 4842.7 4908.9 4954.9 5244.3 5341.4 5389.5 5714.3 5796.6 5804.7 5859.7 6292.5 6351.6 6742.3 6808.6 6879.7 7354.5 7421.6 7801.3 7931.6 8008.7 8576.4 1252.72 1985.24 2789.51 3663.46 4606.39 5617.72 6698.2 7849.48 9074.48 10375.86 11756.97 13221.03 14770.92 16411.2 18142.7 19964.7 1754.87 2730.39 3773.52 4885.76 6067.04 7317.75 8639.79 10036.01 11506.67 13058.48 14693.28 16416.3
325.54 822.36 859.13 1199.66 1383.94 1497.56 1542.8 1656.2 1734.56 1893.0 2330.7 2340.8 2507.6 3158.5 3309.6 3670.7 4240.4 4939.0 5762.4 6701.0 7732.0 8845.0 10032.0 11272.0 1578.16 2443.01 3371.81 4366.44 5426.76 6554.03 7748.75 9012.38 10346.94 11755.28 13240.95 14807.7 16459.1 18199.4 20032.1 21958.6 23982.1 26101.1 1658.0 2584.0 3583.0 4649.0 5783.0 6990.0 8274.0 9634.0 11082.0 12615.0 14228.0 15915.0 1964.0 3050.0 4208.0 5433.0 6735.0 8114.0 9572.0 11106.0 12711.0 14369.0 16094.0
134.2 207.1 241.99 315.69 317.99 465.18 496.75 570.5 591.8 621.18 656.64 779.33 787.62 815.6 826.8 834.8 902.68 1005.56 1116.18 1200.0 1201.0 1335.18 1343.2 1445.0 1521.01 1573.35 1589.6 1881.3 1897.2 1932.1 2096.2 2199.0 2296.8 2415.5 2456.3 2485.5 2501.5 2621.0 2645.8 2679.0 2743.6 2844.6 2880.8 2959.2 3128.1 3128.9 3175.4 3235.5 3332.6 3375.6 3432.7 3433.8 3530.4 3532.8 3571.1 3755.7 3770.9 3779.2 3917.4 3971.2 4065.8 4211.2 4245.1 4375.0 4403.7 4407.9 4799.1 4831.1 4888.1 5214.8 5365.0 5655.6 5669.4 6543.6 7536.6 1557.43 2430.29 3367.56 4370.59 5438.15 6570.41 7768.8 9035.4 10372.8 11784.19 13272.8 14842.9 16497.6 18240.7 20074.1 22001.6 1505.75 2359.97 3280.26 4267.18 5319.37 6437.6 7621.93 8875.12 10199.0 11596.9 13072.4 14629.7 16272.7 18004.0 19825.6 21735.6 1942.8 2963.3 4045.4 5193.9 6401.5 7676.2 9010.9 10399.2 11837.8 13326.7 14874.5 16487.1 18173.8 19937.8
409.12 965.42 1048.65 1382.6 1572.2 1643.11 1774.9 1811.8 1862.9 1903.7 1989.0 2027.13 2050.0 2158.3 2174.3 2246.8 2303.58 2313.5 2359.05 2361.26 2373.2 2473.71 2545.0 2565.77 2654.8 2706.64 2767.9 2810.95 2820.7 2896.29 2969.3 3017.4 3072.8 3143.2 3158.14 3208.5 3381.1 3634.0 3655.3 3719.26 3817.5 3851.5 3945.1 3973.3 4006.4 4009.1 4173.1 4183.6 4346.1 4539.9 4762.2 4908.2 5492.2 5495.7 5725.9 5865.2 6598.1
82.67 296.11 445.8 620.95 696.7 780.4 806.9 1016.84 1035.8 1145.3 1367.4 1670.1 1728.7 1834.9 1869.5 1950.6 2020.6 2051.7 2125.4 2249.0 2551.0 2682.3 2887.6 2946.2 2948.0 3054.1 3076.3 3104.1 3229.1 3431.2 3505.5 3514.6 3699.1 3701.8 3771.6 4032.5 4065.7 4127.5 4183.2 4259.5 4400.1 4460.6 4485.8 4495.9 4634.9 4813.2 4830.6 4978.7 5062.2 5206.3 5324.4 5342.2 5359.7 5427.9 5651.4 5751.9 5941.8 6086.3 6256.5 6299.4 6443.8 6477.2 6526.3 6840.1 6994.3 7470.1 7494.3 8011.3 8034.1
552.2 1076.3 1092.09 1314.15 1553.0 1978.5 2067.19 2154.95 2214.0 2307.1 2366.5 2424.9 2451.45 2517.32 2594.8 2683.8 2794.77 2826.1 2866.01 2905.5 2932.3 2942.3 2955.0 2989.8 2991.4 3011.22 3095.5 3146.7 3174.7 3201.5 3233.2 3265.16 3278.1 3282.6 3362.4 3400.0 3579.7 3705.4 3760.7 3830.7 3846.8 3866.0 3987.0 4023.36 4084.3 4240.7 4291.0 4786.0 4833.3 4872.8 5098.0 5305.3 5354.0 5594.3 5645.0 5800.9 5809.0 5841.3 5856.0 5994.0 5994.9 6099.1 6283.0 6642.8 6662.9 6700.0 7099.4 7585.9 8100.8 8625.8 347.0 548.0 717.0 1101.0 1335.0 1628.0
160.32 254.29 433.9 514.0 763.0 825.7 836.6 866.6 927.6 1105.2 1144.4 1147.2 1179.5 1258.8 1271.5 1288.5 1337.4 1435.3 1476.6 1570.5 1602.7 1693.3 1800.5 1887.2 1925.2 1933.0 1951.9 1981.0 2039.1 2113.4 2134.3 2152.9 2191.0 2196.8 2275.0 2304.7 2309.2 2335.7 2347.2 2480.0 2489.0 2587.5 2702.2 2811.6 2889.3 2970.7 3224.1 3414.7 3703.0 4173.0 4255.0 4339.0 4585.0 4732.0
788.744 1476.93 1510.58 1826.48 2129.17 2136.82 2177.26 2217.33 2236.54 2293.7 2339.85 2393.83 2396.08 2443.68 2470.99 2471.46 2592.79 2642.4 2733.29 2748.56 2764.84 2899.15 2903.21 2907.18 2950.4 2995.69 3108.99 3176.0 3177.4 3213.9 3229.6 3367.8 3430.4 3539.1 3670.5 3800.5 3926.6 3942.2 4050.0 4157.1 4248.0 4359.6 4974.3 5089.2 5213.7 5312.0 5412.3 5566.1 5731.6 6013.6
255.098 754.24 1320.249 1347.337 1578.25 1596.59 1630.681 1818.49 1842.9 1907.679 1965.38 1984.86 2016.27 2028.6 2361.8 2483.6 2631.0 2818.8 3184.6 3481.2 3701.4
1596.227 1903.31 2083.25 2107.85 2347.877 2349.81 2412.01 2464.08 2480.92 2515.76 2521.43 2547.23 2628.88 2658.3 2899.65 3001.11 3016.8 3118.55 3168.3 3255.8 3320.4 3391.4 3394.68 3395.1 3424.6 3432.8 3473.6 3476.9 3484.2 3493.0 3512.9 3520.86 3522.4 3534.0 3620.9 3640.0 3661.2 3715.3 3895.3 3970.8 4263.5 4449.5 4571.3 4852.3 4905.3 4958.9 5070.5 5094.1 5103.6 5336.2 5660.0
662.06 1137.0 1354.52 1368.7 1378.0 1497.0 1626.5 1693.3 1739.0 1808.7 1812.0 1943.9 1962.5 1994.0 2030.2 2049.2 2113.0 2166.0 2171.1 2189.6 2207.4 2209.0 2266.9 2274.0 2328.9 2336.3 2404.0 2410.8 2425.6 2522.9
641.282 1219.39 1536.28 1652.91 1742.0 1743.02 2004.89 2014.5 2031.0 2044.49 2112.05 2124.9 2181.9 2187.44 2210.58 2278.11 2329.85 2364.91 2374.96 2384.43 2398.4 2540.12 2542.72 2543.21 2570.26 2576.14 2591.0 2598.24 2602.55 2606.5 2666.9 2680.5 2697.0 2698.6 2715.13 2725.74 2727.86 2734.77 2741.97 2767.84 2773.76 2784.8 2792.9 2800.75 2806.39 2842.56 2853.34 2859.75 2869.08 2887.75 2934.55 2956.4 2999.02 3009.9 3011.93 3042.3 3051.79 3060.97 3089.93 3101.85 3106.05 3109.8 3122.4 3125.71 3144.55 3153.75 3155.35 3164.7 3180.49 3208.96 3218.21 3228.64 3300.69 3304.5 3313.76 3420.14 3423.59 3459.88 3470.26 3612.4 3633.34 3648.5 3675.8 3688.9 3703.8 3717.8 3719.2 3851.1 3884.2 3914.4 3975.93 4043.3 4045.6
42.28 632.5 640.3 662.7 808.2 817.0 862.1 1095.3 1116.8 1154.1 1165.0 1167.6 1172.5 1220.0 1572.4 1598.7 1620.5 1628.7 1676.9 1726.7 1835.2 1857.0 1906.1 1913.4 1945.4 1980.2 1989.5 1993.3 2027.4 2057.0 2061.5 2065.3 2202.0 2215.9 2232.1 2255.3 2272.7 2307.2 2313.9 2403.8 2481.3 2488.6 2517.3 2519.2 2537.3 2570.7 2643.7 2728.7 2815.8 2825.1
397.441 938.65 1242.21 1346.1 1489.0 1523.67 1646.8 1673.67 1691.53 1819.0 1829.01 1864.5 1890.92 1991.55 1994.34 2021.1 2028.7 2040.7 2112.1 2127.0 2152.8 2220.8 2339.8 2352.6 2368.77 2405.2 2447.5 2534.3 2536.6 2623.2 2636.74 2642.41 2692.8 2749.9 2802.5 2881.7 2882.0 2903.6 2937.3 2998.7 3007.9 3060.1 3173.0 3197.18 3209.3 3238.85 3263.0 3278.6 3293.5 3335.74 3371.9 3396.2 3408.5 3424.2 3566.1 3597.1 3614.2 3628.9 3635.0 3790.1 3973.6
64.3 70.0 118.2 234.1 355.9 447.2 505.7 522.2 632.6 664.3 671.8 708.7 840.5 959.5 1001.9 1021.5 1155.2 1166.1 1284.9 1510.8 1596.5 1690.0 1889.5 1946.1 2156.0 2205.6 2359.8 2377.1 2543.9 2606.9
258.46 668.31 924.58 960.76 1042.98 1171.25 1182.88 1274.0 1381.92 1550.2 1551.05 1576.61 1627.1 1657.22 1711.89 1736.94 1753.84 1756.61 1769.25 1796.9 1802.3 1808.7 1810.28 1831.85 1875.54 1891.81 1916.23 1956.17 1989.31 2019.1 2022.6 2031.12 2051.48 2071.63 2090.39 2126.89 2128.61 2139.73 2156.09 2177.24 2179.45 2183.0 2193.98 2209.7 2222.61 2233.34 2256.41 2261.09 2262.04 2270.18 2274.4 2311.33 2318.6 2337.4 2351.5 2368.09 2373.2 2397.71 2399.08 2414.28 2414.79 2442.36 2446.89 2468.7 2511.16 2519.06 2543.72 2551.68 2562.4 2569.71 2587.58 2639.48 2713.85 2779.4 2796.63 2809.4 2841.04 2861.71 2868.87 2914.12 2953.31 2996.24 3012.9 3063.9 3163.1 3164.2 3166.4 3243.02 3255.11 3273.6 3283.07 3328.99 3341.91 3390.1 3399.49 3403.3 3450.5 3457.79 3494.37 3502.1 3532.6 3534.3 3653.5 3729.8 3825.7 3859.0 3917.9 3956.6 3978.7 4089.63 4190.3 4210.0 4255.2 4269.1 4410.93 4497.0 4521.5 4690.02
117.635 186.506 215.206 273.908 332.9221 353.4341 400.9861 402.379 433.026 438.1241 495.313 505.633 516.984 558.24 597.8191 608.623 625.799 673.354 676.907 710.296 770.314 786.24 831.264 907.466 921.288 923.756
158.467 453.44 760.32 770.43 839.58 841.39 935.59 989.9 1116.63 1223.96 1290.3 1351.6 1368.89 1415.61 1422.85 1456.88 1486.08 1497.07 1554.76 1558.51 1584.11 1589.91 1622.78 1625.98 1681.7 1728.39 1753.4 1786.57 1791.6 1891.2 1927.69 1953.36 2095.2 2144.48 2153.67 2192.37 2198.57 2252.22 2305.97 2328.3 2486.8 2550.36 2750.1 2887.5 3286.4 3463.6 3897.9 4065.3 4684.8
135.3 142.2 151.8 280.7 282.8 524.1 533.2 866.7 890.4 1297.4 1340.8 1798.9 1868.5 2355.4 2456.0 2951.4 3087.0 3568.9


81.7 264.2 538.6 894.1 1320.4 1808.2 2346.5 2925.1
