126 151
106.0 248.0 274.0 416.0 554.0 626.0 852.0 947.0 1126.0 1410.0 1446.0 1738.0 2041.0 2081.0 2450.0 2723.0 2854.0 3252.0 3487.0 3715.0 4137.0 4331.0 4663.0 5104.0 5254.0 5701.0 6159.0 6257.0 6839.0 7306.0 7340.0 8086.0 8502.0 8546.0 9741.0 9866.0 11055.0 11217.0 12448.0 13927.0 15504.0 17155.0

93.9 228.1 384.8 595.5 815.6 1097.6 1380.6 1719.6 2060.6 2438.6 2833.6 3237.6 3681.5 4103.8 4601.2 5045.8 5604.2 6073.8 6705.2 7193.8 7908.0 8406.0 9217.0 507.1 791.6 1096.0 1416.2 1754.1 2109.2 2480.2 2869.2 3272.2 3695.2 4130.2 4587.2 5058.2 5552.2 6061.2 6596.0 7145.0 7721.0 8310.0 8925.0 9552.0
238.0 654.0 1215.0 1889.0 2644.0 2830.0 3040.0 3270.0 3456.0 3521.0 3789.0 4077.0 4330.0 4380.0 4702.0 5041.0 5284.0 5397.0 5771.0 6340.0 7497.0
58.0 62.0 92.2 138.9 140.5 164.2 188.7 197.1 239.8 245.4 246.4 260.8 262.1 262.5 301.0 336.1 365.6 382.6 384.9 422.0 432.7 434.4 442.0 446.2 517.6 532.2 577.5 600.9 641.9 694.3 706.9 770.1 803.5 865.5 884.8 893.2 1016.9 1103.0 1143.9 1171.6 1186.9 1229.8 1338.0 1347.1 1489.5 1612.1 1628.6 1644.6 1685.7 1819.1 1824.4 1896.1 2015.3 2192.9 2198.0 2217.1 2242.9 2258.0 2376.8 2471.4 2519.8 2552.7 2566.1 2772.8 2798.9 2857.3 2900.6 2962.1 2962.5 3117.3 3213.6 3219.2 3350.3 3350.9 3503.2 3585.0 3648.1 3650.4 3739.5 3759.9 3915.5 3978.8 4109.6 4168.7 4186.4 4349.4 4382.5 4479.8 4539.3 4584.3 4620.5 4802.5 4811.8 5045.0 5074.6 5082.0 5249.8 5260.4 5377.4 5487.9 5511.0 5591.0 5711.5 5728.1 6041.2 6055.5 6113.0 6181.7 6217.3 6341.1 6511.4 6540.4 6674.4 6676.3 6724.4 7077.1 7163.1 7177.7 7251.2 7381.5 7628.1 7670.5 7706.1 7867.8 8145.3 8240.6 8372.1 8509.2 8509.4 8802.2 8846.7 8890.6 9160.1 9275.0 9370.7 9656.6 9730.3 9846.2 9966.0 10156.6 10188.7 10526.3 10569.1 11048.6 11204.3 11562.9 11836.1 12411.4
87.8 152.3 250.9 408.7 447.9 679.0 875.7 978.9 1240.2 1501.9 1616.9 1870.2 1950.4 2117.9 2243.4 2328.2 2540.9 2797.1 3050.5 3080.9 3415.6 3767.9 3882.6 4186.5 4607.9 4754.3 5090.9 5692.3 6708.3
98.0 145.3 147.72 261.2 284.53 288.16 342.9 381.7 387.2 405.3 405.82 439.8 468.6 501.34 526.15 552.1 567.49 587.44 598.3 630.42 668.5 714.94 724.83 806.7 854.9 861.23 864.8 946.0 981.85 1105.4 1175.1 1194.2 1258.0 1330.1 1440.7 1489.2 1500.7 1610.7 1715.7 1810.5 1925.4 1986.4 2263.8 2293.4 2376.3 2393.5 2658.5 2811.5 3101.4 3121.1 3143.2 3246.5 3600.3 3688.5 3913.5 4074.3 4116.5 4563.3 4564.5 4566.3 4750.8 4998.5 5003.3 5482.5 5525.3 5563.3 5662.9 5954.5 5958.3 6480.5 6588.3 6625.3 6672.0 6985.3 7006.0 7583.0 7746.3 7784.2 8086.3 8994.0 8997.8 9231.0 10304.3 10319.0 10404.0 11589.0 11708.3 865.8 1206.3 1561.3 1934.0 2326.1 2736.8 3166.8 3613.4 4079.0 4561.8 5063.6 5580.8 6119.5 6672.2 7246.9 7834.0 8446.8 9068.0 9720.6 10375.0 11069.1 11759.4 12496.5 13224.2 14004.6 1447.3 2261.0 3159.4 4149.3 5227.9 6395.7 7651.9 8995.2 10420.2 11947.2 1541.0 2410.6 3291.6 4210.0 5207.5 6282.8 7427.1 8628.5 9884.3 11207.9 12617.0 14125.0 15734.0
61.69 166.71 192.05 225.87 295.63 402.79 428.61 475.81 488.29 502.35 551.39 586.32 619.09 639.06 656.4 679.2 702.47 744.01 753.08 791.0 859.7 862.96 872.17 898.82 903.61 910.97 916.53 938.3 939.2 977.3 984.44 1001.58 1027.29 1041.99 1053.9 1055.67 1058.42 1081.43 1129.9 1167.12 1171.92 1188.4 1220.4 1231.52 1255.88 1265.0 1284.1 1295.7 1297.3 1308.5 1312.7 1325.49 1325.6 1366.5 1428.2 1431.3 1648.3 1656.76 1671.1 1706.05 1723.07 1762.9 1785.27 1788.7 1796.58 1828.4 1950.1 1992.7 2033.2 2045.6 2118.32 2179.9 2203.4 2331.2 2352.6 2356.5 2445.3 2473.4 2554.7 2575.5 2598.5 2674.0 2692.3 2744.9 2925.5 2933.4 3078.8 3274.7 3320.2 3371.1 3439.6 3536.4 3565.0 3768.0 3787.6 3820.7 3973.0 4124.4 4264.6 4305.6 4352.1 4533.7 4805.6 5005.4 5173.6 5260.7 5744.8 6095.4 6264.7 6765.0 7086.1 7280.9 440.1 736.7 1087.6 1491.3 1945.7 2444.1 800.0 1230.0 1671.0 2138.0 2617.0 3117.0 3627.0 4167.0 4712.0 5288.0 5868.0 6480.0 7096.0 7745.0 8395.0 9066.0 9775.0 10478.0 11225.0 11967.0 12755.0 1638.0 2571.0 3584.0 4682.0 5864.0 7130.0 8481.0 9909.0 11399.0 12971.0 14620.0 16356.0 1706.0 2667.0 3702.0 4812.0 5996.0 7260.0 8602.0 10022.0 11522.0 13098.0 14754.0
115.6 163.1 216.7 289.0 335.9 352.5 379.2 433.3 458.8 472.4 483.4 583.0 631.0 673.0 1155.1 1216.7 400.9 571.8 859.1 1165.6 1196.3 1479.2 1581.9 1802.9 1977.3 2139.9 2210.0 2440.1 2472.5 2508.8 2640.4 2844.8 2908.5 2953.0 3084.7 3374.5 3380.6 3487.2 3717.2 4022.1 4102.9 4514.1 4540.6 4999.0 5098.1
41.43 206.08 245.48 358.06 493.48 517.41 543.17 591.05 688.1 730.83 777.48 799.25 951.68 985.38 1016.86 1089.91 1104.9 1160.2 1181.49 1185.15 1214.24 1221.5 1232.2 1289.6 1303.1 1306.63 1325.3 1351.8 1390.9 1409.9 1433.3 1460.8 1478.2 1506.0 1507.8 1531.9 1571.1 1636.4 1742.2 1766.0 1794.2 1816.0 1904.9 1929.0 1959.2 1998.0 2002.8 2014.0 2104.4 2116.5 2129.2 2155.9 2159.0 2205.0 2245.0 2347.0 2356.0 2373.0 2396.0 2590.0 2618.0 2755.0 2847.0 2901.0 3001.0 3124.0 3205.0 3245.0 3422.0 3489.0 3518.0 3531.0 3643.0 3659.0 3863.0 3957.0 4108.0 4220.0 4293.0 4320.0 4394.0 4465.0 4705.0 4965.0 5031.0 5069.0 5164.0 5337.0 5421.0 5455.0 5954.0 5974.0 5998.0 6501.0 6511.0 6880.0 6979.0 7515.0 7803.0 7899.0 8716.0 9004.0 9678.0 10745.0
40.19 131.2 140.69 149.11 184.51 334.69 476.62 549.0 574.83 672.79 758.7 793.2 862.9 940.1 972.3 1003.7 1004.8 1062.6 1093.8 1103.4 1139.5 1171.9 1184.0 1324.6 1463.6 1488.8 1506.5 1587.8 1865.7 1993.3 2108.2 2336.9 2425.6 2490.6 2664.4 2774.8 2783.3 2848.3 3091.3 3134.4
75.5 229.88 313.6 382.0 561.22 562.13 580.6 724.7 761.5 824.6 857.0 929.1 959.2 1001.3 1078.41 1188.9 1247.7 1293.6 1310.0 1348.91 1484.6 1625.1 1745.6 1836.8 1871.4 1940.8 1968.9 1976.9 2008.6 2044.6 2126.6 2286.6 2306.98 2365.0 2410.0 2434.8 2506.9 2543.5 2590.0 2622.7 2643.5 2713.8 2776.3 2842.9 2920.5 3000.8 3031.2 3050.1 3095.8 3177.3 3308.4 3363.3 3439.7 3520.9 3551.2 3614.2 3687.3 3746.4 3791.9 3845.5 3871.9 3904.3 3953.3 4102.6 4118.0 4213.2 4221.9 4304.1 4318.1 4579.5 4622.4 4696.5 4700.1 4735.4 4813.4 4969.7 5024.1 5131.3 5171.0 5174.7 5470.5 5471.2 5515.4 5615.0 5624.0 5657.5 5719.0 5923.6 6016.0 6070.1 6388.7 6445.6 7434.0
194.22 199.52 325.73 326.96 384.0 389.6 505.9 541.11 563.0 623.6 673.9 696.0 718.0 912.0 1078.0 1214.0 1598.0 1616.0 2012.0 2309.0 2420.0 2557.0 2609.0 2639.0 2687.0 2699.0 2796.0 2876.0 2903.0 3000.0 3048.0 3270.0 3291.0 3375.0 3389.0 3398.0 3564.0 3765.0 3773.0 3918.0 3975.0 4159.0 4313.0 4501.0 4617.0
113.92 405.11 589.41 821.98 827.92 851.87 916.92 1023.91 1074.21 1124.02 1311.8 1328.43 1369.69 1405.5 1449.0 1501.3 1523.11 1532.0 1584.27 1624.31 1722.17 1790.22 1833.99 1867.6 1926.9 1941.5 1942.0 2029.51 2048.57 2050.1 2174.49 2187.48 2196.45 2205.8 2277.96 2291.9 2367.12 2456.29 2481.38 2484.2 2700.65 2730.0 2741.42 2761.11 2820.2 2821.22 2909.7 2985.62 3021.48 3203.97 3265.9 3483.89 3579.68 3627.44 3697.83 3972.5 4052.62 4100.56 4377.37 4536.56 4862.57
27.23 127.5 191.8 271.0 287.1 331.0 390.8 419.9 576.6 604.4 670.2 763.3 862.0 888.0 904.1 913.4 967.0 983.4 1033.9 1053.8 1061.6 1147.1 1183.2
145.4434 1117.97 1127.0 1292.7 1298.72 1435.59 1452.46 1455.06 1457.24 1494.57 1521.27 1579.96 1609.55 1651.06 1657.99 1768.2 1786.48 1796.99 1812.61 1842.06 1853.89 1910.49 1913.5 1975.89 1986.81 2001.06 2005.8 2017.88 2045.79 2069.65 2075.54 2075.68 2102.4 2105.44 2108.9 2123.87 2136.02 2154.1 2172.26 2190.08 2190.3 2206.45 2228.9 2230.9 2243.74 2248.1 2254.0 2264.8 2267.83 2303.87 2315.98 2353.7 2363.1 2364.8 2383.3 2399.28 2403.3 2420.07 2462.4 2499.08 2563.4 2583.6 2627.0 2749.58 2928.07 2963.4 3017.7 3019.77 3397.5 3471.7 3527.4 3586.3 3644.1 4371.2 4741.4 6116.8 6878.6 7186.6 7244.5 7630.4 7915.2 8880.5
3.694 63.757 72.307 84.9986 90.3 128.262 144.599 153.5 176.8856 200.531 358.4 631.3 637.24 702.5 704.75 747.01 790.39 823.2 911.4 978.19 1041.92 1119.8 1150.94 1175.7
57.356 350.622 490.362 614.22 721.923 740.26 787.33 848.42 937.82 1014.3 1060.21 1156.94 1160.58 1381.84 1397.4
59.03 80.12 99.952 133.5152
62.65 188.84 347.18 350.91 540.09 554.81 697.2 766.31 786.91 806.43 835.64 845.94 859.43 948.4 1046.97 1110.56 1210.54 1318.4 1330.1 1560.46 1608.8
12.221 35.05 87.22 100.88 133.55 141.28 351.78 502.95
28.1 92.9 246.0 292.0 361.7 384.3 451.0 467.1 470.7 545.6 580.5 607.0 636.9 677.0 700.3 721.3 748.1 802.4 1194.0
98.166 98.967 105.161 121.169 195.993 273.744 287.2 289.655 332.75 352.7 390.684 467.77 520.83 626.36 765.45
57.7 86.3 380.1 864.5 892.7

96.8
