128 156
133.66 424.47 847.93 1377.06 1986.52 2653.8
130.0 293.0 491.0 712.0 971.0 1237.0 1546.0 1847.0 2192.0 2521.0 2889.0 3239.0 3619.0 3988.0 4386.0 4784.0
159.05 485.5 939.94 946.4 952.4 1032.7 1185.2 1487.1 1825.1 2100.41 2143.9 2294.3 2586.8 2689.6 2763.9 3076.1 3133.1 3468.1 3578.1 3764.6 3858.3 4177.1 4211.6 4462.9 4585.3 4845.4 5020.9 5213.5 5435.1 5581.8 5918.3 6020.7 6359.9 6406.0 6909.2 6910.3 7334.4 7340.3 7896.5 7993.9 8372.3 8375.3 8978.5 9167.5 9476.4 9518.3 10120.5 10425.5 10756.3 11296.5 11745.5 13080.6
146.0 331.0 357.0 450.0 551.0 601.0 801.0 824.0 1043.0 1078.0 1348.0 1376.0 1606.0 1693.0 1954.0 2018.0 2243.0 2354.0 2592.0 2915.0 3270.0 3617.0 3987.0 4399.0 4742.0 618.0 1055.0 1539.0 2094.0 2724.0 3429.0 4197.0
212.62 609.8 823.22 1117.17 1131.2 1387.7 1633.8 1710.4 1882.6 2179.8 2223.4 2309.1 2343.7 2688.0 2695.0 2771.8 2944.8 3105.3 3252.0 3285.8 3495.0 3630.1 3653.7 3845.3 3902.3 4161.0 4298.2 4369.0 4574.3 4615.0 4925.0 4988.9 5179.9 5362.5 5427.3 5689.0 5722.7 6062.5 6158.6 6375.3 6430.0 6544.2 7006.3 7045.6 7227.0 7408.3 7475.2 8007.8 8037.6 8076.0 8514.2 8522.3 8978.0 9069.3 9138.6 9651.2 9945.0 10197.6 10979.0 11399.6 12088.0 12683.6 13277.0 14547.0 15904.0 17349.0 18887.0 20521.0 1704.0 2648.0 3657.0 4728.0 5867.0 7078.0 8349.0 1757.0 2729.0 3769.0 4880.0 6065.0 7320.0 8649.0 10053.0 11528.0
127.97 173.06 176.1 245.49 291.38 338.87 345.23 353.64 397.93 399.81 442.51 444.67 472.15 483.52 491.9 492.32 519.4 523.84 554.99 585.4 587.1 628.3 646.6 660.3 674.61 687.7 738.84 758.8 787.83 806.45 808.2 825.0 826.5 836.9 837.5 879.37 912.7 932.2 937.09 963.3 979.8 985.91 999.2 1007.0 1013.67 1116.8 1120.21 1130.7 1150.6 1154.5 1183.1 1195.6 1206.0 1209.1 1230.1 1271.4 1280.0 1280.4 1359.6 1364.7 1460.6 1491.6 1540.5 1595.8 1598.8 1622.7 1770.5 1798.7 1834.3 1871.2 1886.5 1934.7 1962.5 2005.0 2010.5 2026.6 2043.4 2076.7 2088.8 2159.5 2185.8 2199.5 2311.7 2371.3 2383.7 2451.2 2538.2 2553.6 2674.7 2692.8 2764.5 2812.0 2813.5 2848.8 3019.5 3019.7 3027.5 3030.5 3089.7 3128.6 3205.2 3326.1 3364.8 3401.5 3418.5 3550.8 3568.5 3714.8 3764.6 3770.2 3909.5 3930.0 4000.5 4076.8 4123.5 4281.0 4407.2 4457.8 4468.6 4614.0 4684.5 4787.5 4859.8 4877.5 4933.5 5056.0 5167.2 5210.6 5278.8 5376.0 5668.0 5711.8 5897.0 5956.5 5968.6 6052.0 6157.8 6212.0 6618.8 6817.0 7039.0 7094.8 7116.0 7586.8 7823.0 8083.0 8096.8 8116.0 8623.0 8911.0 9112.0 9169.0 9275.0 9730.0 10093.0 10204.0 10316.0 10513.0 10914.0 11362.0 11541.0 12180.0 12590.0 12841.0 13890.0 15267.0 16725.0 18268.0 19899.0
294.3 753.73 788.97 1089.02 1313.01 1383.8 1420.1 1605.0 1669.3 1670.9 1697.6 1910.6 1956.2 2036.4 2126.5 2231.6 2293.1 2340.6 2412.5 2467.2 2728.5 2816.9 2840.7 3052.0 3200.2 3436.5 3453.0 3483.0 3863.0 4028.2 4175.4 4183.7 4607.5 4776.7 4942.7 4947.9 5345.9 5629.7 5711.0 5777.7 6082.5 6300.2 6488.0 6531.7 6710.7 6831.4 6891.5 6961.5 6965.5 6968.2 7358.0 7467.7 7557.7 7701.5 7744.7 7804.5 8322.8 8328.0 8453.7 8509.6 8812.5 8869.7 9144.2 9371.1 9386.2 9501.7 10042.8 10079.7 10328.4 10616.7 11015.1 11335.8 11787.0 12058.2 12410.6 13164.3 13554.4 14322.9 14770.4 15533.0 16060.3 16801.9 17427.6 18147.0 18877.6 20410.6
193.7 198.73 273.0 328.0 347.1 371.1 463.7 493.2 560.51 564.9 588.1 602.9 663.7 671.7 713.0 717.0 744.2 793.1 826.2 1109.7 1176.8 1181.8 1214.9 1269.7 1357.7 1463.8 1469.5 1520.2 1776.9 1954.2 2105.5 2122.8 2158.1 2210.0 2259.6 2350.3 2375.8 2533.4 2557.8 2703.6 2775.4 2795.3 2800.9 2819.9 2940.6 3102.0 3110.6 3324.4 3340.5 3346.2 3358.5 3471.0 3649.9 3861.0 3869.7 4008.1 4347.0 4414.4 4417.1 4471.6 4772.0 4852.6 5147.5 5286.0 5315.0 5734.0 5787.0 5895.8 6281.0 6712.5 6813.0 7328.0 7593.9 8539.4 9549.6 10626.4 11771.4 12986.1 14273.5 15635.5 17072.7 18592.2 20197.2 21889.2
373.72 862.37 976.37 1230.94 1541.67 1746.7 1775.6 1817.7 1925.94 2035.6 2045.55 2181.1 2227.9 2346.1 2416.6 2439.9 2483.8 2522.8 2632.8 2757.8 2941.1 3244.3 3278.6 3296.5 3330.8 3552.6 3602.2 3686.6 3765.1 3768.2 3781.8 3828.1 3874.1 3997.2 4001.8 4016.7 4104.1 4255.8 4320.2 4347.8 4413.1 4426.5 4455.3 4549.8 4770.1 4849.0 4855.9 4894.8 5022.5 5022.6 5032.1 5132.8 5172.1 5192.2 5305.8 5415.6 5570.3 5609.1 5695.6 5759.8 5843.9 5876.8 5942.6 6007.9 6036.1 6040.3 6191.9 6231.2 6239.0 6261.0 6348.5 6360.5 6471.9 6481.1 6522.7 6546.3 6579.7 6587.8 6675.8 6756.1 6771.4 6868.0 6884.7 6929.7 6931.2 6969.1 7142.0 7255.9 7293.7 7330.5 7355.0 7480.1 7533.3 7647.7 7669.7 7685.1 7685.9 7732.1 8029.1 8050.0 8050.7 8064.0 8100.0 8148.9 8223.2 8380.0 8401.9 8466.7 8555.3 8622.2 8652.9 8653.1 8755.0 8795.1 8947.7 9048.0 9165.0 9172.1 9178.9 9196.9 9492.0 9557.3 9618.0 9745.9 9893.6 10054.8 10092.0 10109.0 10190.6 10343.9 10499.0 10638.0 10763.0 10785.0 10968.9 10973.2 11277.5 11490.8 11647.9 11784.1 11956.9 12335.9 12418.5 12555.8 12882.5 13007.0 13700.4 14069.6 14124.5 14926.0 15310.7 15355.3 16226.4 16565.6 16743.6 17593.4 17890.9 19289.8 20766.4 22325.5 23969.9 25702.5 27517.5 8269.4 9348.8 10500.9 11723.3 13007.9 14371.9 15812.9 17338.0
108.6 268.92 285.99 519.43 615.22 798.0 834.73 851.92 976.87 1101.24 1188.83 1374.7 1376.33 1510.76 1683.72 1707.1 1715.8 1788.7 1895.01 1899.85 1987.6 2065.95 2071.8 2223.4 2370.3 2415.2 2433.7 2442.3 2473.66 2630.6 2722.4 2750.9 2776.9 2804.3 2850.9 2879.61 2947.1 3049.3 3081.5 3161.3 3221.0 3326.9 3365.4 3372.8 3379.8 3409.9 3496.8 3555.1 3674.6 3692.3 3717.3 3757.54 3786.4 3836.7 3896.1 4043.4 4111.6 4160.1 4246.9 4465.5 4476.1 4514.0 4534.3 4587.1 4727.9 4822.4 4843.9 4870.3 4885.6 4909.8 4925.3 4939.2 4947.8 5025.2 5108.2 5180.2 5195.3 5372.6 5415.2 5416.4 5520.4 5559.4 5596.8 5701.8 5788.5 5813.0 5823.5 5853.7 5952.1 6020.6 6079.5 6161.0 6194.4 6198.9 6263.8 6359.6 6471.8 6479.0 6515.8 6531.7 6644.4 6669.5 6795.3 6851.3 6916.4 6940.5 7081.1 7100.8 7187.3 7196.6 7314.6 7339.6 7586.4 7652.2 7702.7 7742.9 7797.2 8040.8 8187.7 8197.5 8325.4 8349.2 8604.4 8745.6 8922.3 9337.8 9365.1 9372.6 9411.8 9525.0 9568.8 10272.4 10508.9 10729.4 11558.7 12673.9 13851.8 15090.3 16389.0 17751.3 19184.7 20695.7 22289.0 23972.0
520.1 1014.0 1249.9 1451.5 1800.0 1842.9 1990.5 2134.3 2196.2 2222.0 2261.6 2273.3 2321.2 2323.8 2484.8 2623.2 2625.7 2691.4 2710.3 2758.7 2934.6 2940.9 2961.0 3107.2 3173.8 3246.8 3256.0 3699.7 3784.2 3820.2 3855.0 3981.3 4201.9 4205.8 4212.5 4972.9 4993.5 5027.8 5350.9 5840.0 6311.9 6541.8 6826.5 7018.3 7329.9
95.31 231.15 402.77 463.1 675.46 756.45 815.66 896.0 932.89 981.45 1066.2 1105.0 1282.1 1319.5 1343.4 1966.5 2021.43 2053.4 2107.56 2134.8 2240.56 2261.27 2289.0 2340.08 2359.3 2570.9 2622.2 2763.8 2802.9 3024.7 3253.7 3524.0 3889.8 4037.4 1325.0 2219.0 3281.0 4530.0 5977.0 1310.0 2273.0 3460.0 4877.0 6508.0
773.73 1413.3 1490.1 1801.9 2124.0 2140.2 2221.4 2276.1 2332.5 2366.2 2547.8 2842.2 2943.4 3062.0 3239.4 3418.9 3454.7 3621.2 3667.7 3673.2 4030.9 4323.0 4349.6 4367.1 4388.6 4514.2 4703.2 4914.8 5311.9 5351.6 5431.9 5526.5 5613.8 5644.2 5854.3 5902.7 5970.7 6158.2 6408.0 6410.5
193.684 756.51 1223.24 1345.48 1403.4 1416.1 1564.78 1581.65 1596.99 1624.9 1670.5 1715.2 1804.8 1808.31 1820.46 1870.8 1876.0 1890.3 1897.3 1967.55 2018.8 2066.39 2073.61 2109.38 2145.32 2202.9 2211.6 2221.0 2246.55 2265.22 2303.64 2311.8 2336.02 2349.6 2354.36 2365.6 2370.9 2388.53 2429.62 2439.5 2460.2 2463.45 2505.47 2514.82 2538.8 2619.03 2732.53 2803.9 2830.5 2865.3 2887.1 2944.68 2951.9 3056.06 3105.2 4246.2 4376.7 4494.8 4582.9 5270.9
1575.781 2083.943 2100.789 2209.306 2217.486 2384.341 2437.172 2513.891 2547.282 2583.094 2585.552 2737.26 2845.86 2886.31 2975.9 2983.1 3009.97 3045.2 3081.06 3085.85 3128.06 3242.62 3244.83 3296.2 3318.73 3358.68 3365.26 3414.24 3424.24 3439.81 3448.55 3453.6 3456.02 3466.83 3470.31 3484.9 3499.17 3511.9 3519.92 3576.81 3579.11 3584.2 3598.31 3633.2 3708.65 3709.77 3743.7 3757.6 3763.2 3766.4 3781.31 3785.0 3803.7 3831.11 3832.1 3861.18 3871.8 3896.0 3923.3 3925.1 3939.1 3953.0 3982.0 3985.88 4053.8 4068.9 4094.8 4145.6 4174.4 4203.04 4243.1 4255.7 4269.1 4286.4 4319.3 4320.1 4335.0 4362.8 4390.2 4456.1 4464.3 4500.1 4511.5 4552.8 4605.0 4606.1 4617.6 4625.0 4716.6 4901.0 4986.2 5087.5 5182.3 5202.3 5259.6 5307.2 5446.7 5468.2 5728.4 5745.6 6246.5 6440.4 6605.9 6618.3 6656.1 6759.7 6815.6 6878.0 6887.8 7005.2 7122.7 7129.5 7184.1 7402.9 7650.5 7751.3 7759.7 7901.5 7921.0 8077.3 8152.3 8408.8 8517.8 8525.0 8912.7 9257.4 9533.3 9661.2 10343.5 11079.8 11487.1 12158.8
742.05 1228.04 1305.86 1407.08 1431.23 1555.54 1556.44 1558.8 1608.38 1739.21 1774.85 1799.52 1851.5 1852.56 1900.3 1910.81 1920.6 1988.22 1996.4 2004.67 2011.3 2018.87 2035.6 2063.85 2066.84 2075.13 2090.6 2094.39 2125.82 2134.43 2147.9 2173.58 2187.04 2196.91 2201.21 2220.69 2223.2 2242.2 2249.31 2255.73 2283.95 2294.53 2317.9 2323.18 2346.98 2359.46 2361.58 2398.17 2398.63 2405.52 2405.71 2415.5 2420.01 2433.4 2443.28 2451.54 2451.9 2460.01 2463.75 2475.94 2483.05 2489.8 2496.16 2504.65 2506.43 2517.36 2528.16 2530.01 2557.0 2577.83 2588.0 2588.76 2590.18 2623.1 2626.0 2662.46 2672.21 2683.68 2700.58 2730.8 2737.94 2750.0 2752.9 2759.2 2775.22 2785.1 2788.0 2798.2 2799.9 2805.3 2821.57 2840.75 2876.08 2884.5 2886.1 2891.55 2910.7 2911.7 2922.65 2939.32 2943.0 2954.15 2957.41 2969.85 2987.9 2998.58 3013.42 3023.05 3023.7 3033.94 3047.84 3064.03 3080.36 3084.5 3090.93 3168.1 3185.53 3189.6 3220.79 3271.9 3293.7 3297.71 3334.6 3425.9 3456.9 3470.7 3485.48 3619.3 3806.3 3899.5 4062.8 4075.5 4224.3 4316.0 4523.5 4634.6 4706.2 4821.0 4999.1 5129.1 5282.6 5343.6 5426.9 5506.1 5791.3 5913.7 5990.7 6056.1 6237.3 6489.5 6502.3 6516.5 6695.9 6800.9 6824.9 7019.3 7294.4 7296.0 7529.2 7847.9 7889.4 7967.5 8649.3 8686.8 8987.7 9167.4 10130.9 10529.3 10668.6 10754.8 11466.6 11557.4 11788.2
696.561 1314.669 1510.871 1560.92 1791.46 2072.91 2084.68 2093.28 2109.79 2178.97 2185.75 2204.8 2218.31 2295.41 2321.9 2328.18 2368.82 2399.5 2420.21 2451.71 2464.0 2508.42 2527.79 2564.51 2582.32 2592.53 2601.73 2605.93 2613.07 2614.0 2655.097 2655.54 2675.61 2681.67 2692.97 2710.11 2715.79 2720.29 2732.85 2742.99 2775.44 2779.01 2803.69 2808.83 2829.32 2834.58 2839.618 2868.26 2876.58 2887.98 2901.34 2903.38 2905.15 2945.92 2946.04 2950.98 2961.78 2968.34 2972.4 2975.47 2980.07 2986.017 3000.24 3020.47 3026.6 3029.04 3031.2 3043.5 3048.27 3053.38 3056.5 3065.14 3070.93 3085.2 3100.29 3104.59 3126.59 3133.5 3136.6 3146.62 3169.72 3178.23 3185.61 3201.88 3214.0 3222.06 3233.74 3245.5 3251.73 3254.53 3273.3 3281.68 3286.7 3316.0 3341.7 3351.59 3377.54 3381.53 3396.53 3409.43 3461.23 3486.0 3487.03 3494.6 3560.6 3576.8 3614.0 3660.88 3672.76 3737.7 3782.2 3802.79 3829.7 3838.0 3849.0 3860.0 3875.09 3910.5 3962.1 3993.6 4045.69 4065.64 4354.73 4461.66 4623.94 4742.87 4936.49 5238.98 5378.7 5472.86 5553.07 5962.3 5966.6 6648.7 6963.5 7003.4 7376.8 7545.5 7814.4 7817.4 7965.2 8946.0
67.22 72.5 657.67 748.28 780.45 919.83 920.72 937.05 1011.22 1051.41 1085.25 1111.2 1150.26 1161.05 1162.32 1213.7 1249.73 1285.6 1316.8 1326.3 1338.6 1400.9 1401.3 1403.92 1427.6 1527.05 1532.3 1533.3 1576.0 1591.1 1592.6 1654.0 1681.3 1709.9 1714.0 1715.4 1744.8 1802.0 1874.3 1884.5 1917.5 1957.3 1967.4 2004.1 2011.8 2035.7 2071.2 2107.2 2146.0 2161.0 2270.4 2347.6 2408.2 2421.1 2427.3 2534.4 2546.8 2626.2 2703.0 2866.8 3030.3 3137.4 3220.0 3270.4 3349.1 3517.2 3599.2 3758.0 3961.5 4081.7 4201.0 4474.0 4568.2 4586.0 4730.0 4847.6 5512.5 6081.4
453.77 915.4 1042.22 1189.62 1303.1 1376.81 1470.59 1517.52 1602.57 1696.76 1744.96 1769.4 1777.16 1780.02 1787.3 1905.34 1918.8 1978.45 1988.92 2029.42 2045.53 2072.59 2083.52 2095.79 2119.45 2143.86 2148.95 2166.0 2197.28 2208.36 2219.75 2225.6 2232.2 2265.81 2285.99 2302.3 2310.4 2324.6 2327.3 2335.52 2355.81 2356.54 2433.4 2434.5 2436.53 2457.13 2460.14 2469.4 2474.52 2478.8 2483.8 2491.07 2517.1 2521.34 2528.8 2551.79 2552.6 2561.59 2574.5 2590.49 2593.53 2600.9 2602.9 2611.0 2628.3 2660.8 2663.4 2681.46 2705.81 2706.22 2709.4 2756.8 2777.2 2803.4 2829.9 2855.4 2885.3 2905.8 2913.5 2929.1 2970.76 3043.0 3109.03 3123.83 3178.32 3245.53 3275.9 3292.5 3319.73 3329.3 3335.5 3346.9 3368.95 3391.8 3404.73 3410.9 3428.9 3500.73 3534.2 3576.9 3594.7 3618.5 3633.9 3709.2 3750.9 3779.9 3797.9 3892.9 3902.23 3958.13 3974.9 3993.73 4028.13 4295.03 4694.23 4695.53 4761.33 4786.73 5057.94 5160.93 5362.83 5460.53 5559.03 5612.43 5899.73 6202.53 6513.73 6807.04 7364.0
49.9271 127.9192 190.291 214.5953 314.6735 463.622 516.709 581.31 604.52 631.491 769.178 792.563 942.06 957.26 1041.48 1111.91 1264.2 1310.71 1350.48 1398.27 1445.14 1523.49 1544.7 1550.02 1593.43 1616.49 1674.52 1733.22 1841.03 1979.53 2122.92 2164.46 2309.75 2336.1 2423.6
301.702 752.2 916.8 999.2 1023.12 1170.9 1242.14 1248.81 1279.69 1511.51 1515.6 1521.46 1602.0 1644.6 1645.58 1659.91 1683.4 1687.91 1729.0 1808.6 1824.4 1856.3 1858.6 2073.7 2099.0 2132.0 2149.0 2153.0 2182.2 2236.1 2376.0 2406.01 2431.33 2472.0 2481.0 2545.0 2676.7 2689.0 2726.0 2730.0 2736.0 2795.0 2839.0 2845.0 2920.0 2923.0 2930.63 2982.0 3002.0 3036.7 3092.0 3107.0 3113.0 3129.9 3136.0 3176.0 3191.0 3205.0 3215.0 3265.0 3281.0 3341.0 3370.0 3378.0 3405.0 3415.0 3490.0 3528.0 3545.0 3597.0 3689.0 3717.0 3755.0 3771.0 3793.0 3805.0 3826.0 3861.0
108.521 138.447 165.087 220.706 258.33 270.859 285.481 316.23 321.144 332.936 340.6 365.93 403.728 459.529 474.56 482.672 517.44 548.656 571.44 705.128 709.044 741.06 814.4 881.36 913.58 920.65 985.15
130.21 381.45 675.37 720.4 850.66 852.94 934.86 1061.95 1129.0 1129.7 1137.8 1182.31 1200.63 1283.91 1353.4 1432.6 1435.16 1541.2 1545.19 1599.0 1714.3 1738.3 1911.5 1967.5 1994.2 2009.26 2069.16 2119.0 2496.2 2539.2 2682.5 2837.2
22.4506 57.6741 75.857 105.7524 177.714 189.054 249.568 335.72 443.62 495.305 506.953 531.85 542.8 581.0 599.22 622.53 626.68 673.9 685.3 736.3 846.65 877.23 880.1 892.97 942.57 949.34 964.09 1065.72 1104.1 1130.68 1150.7 1183.96 1212.17 1220.3 1229.84 1256.48 1436.82 1449.6 1512.1 1523.73 1575.57 1638.2 1745.85 1792.13 1836.27 1844.28 1878.09 1907.9 1951.94 2094.31 2312.5 2341.4 2429.8 2600.8 3220.8
72.51 236.62 483.95 805.4 1148.57 1195.3 1239.0 1250.9 1405.9 1474.3 1541.95 1600.4 1647.6 1683.2 1772.7 1784.5 1826.98 1886.6 1893.5 1898.1 1950.1 1958.1 1990.8 2064.0 2157.9 2176.8 2421.4 2574.0 2581.2 2612.8 2629.9 2709.0 2722.4 2722.6 2986.1 3103.6 3146.7 3335.7
50.0 120.1 191.7 208.2 318.1 441.9 589.7 744.7 929.3 1112.8 1332.3 1541.6 1795.7 2027.4 2316.2 2566.6 2936.3
70.8 233.2 481.9 810.1 961.6 1003.1 1027.6 1128.4 1210.8 1325.8 1349.0 1523.9 1584.1 1594.3 1677.3 1932.6 2194.4 2202.4 2338.4 2779.0 2808.4 3339.1 3399.3

66.9 221.8 460.4 777.9 1168.9 1628.4 2151.6 2737.0
