133 155
84.13 213.68 252.38 280.52 381.01 570.58 682.28 690.35 801.7 1024.2 1204.9 1253.6 1294.1 1533.4 1798.7 1829.6 1929.1 2080.0 2395.5 2469.5 2673.0 2675.6 2989.9 3219.8 3336.4 3479.1 3670.0 4052.1 4087.6 4344.8 4455.1 4926.1 4968.4 5279.1 5335.1 5837.0 5956.8 6283.8 6288.1 6795.7 6994.3 7276.0 7361.9 7767.7 8287.9 8517.0 8766.2 9358.9 9748.0
112.3 118.9 229.11 280.03 304.71 409.4 418.93 498.96 537.4 887.4 215.02 272.0 353.9 386.65 485.0 605.63 735.9 871.75 965.9 1167.3 1316.9 1497.5 1622.0 1838.9 2029.3 2192.2 2410.4 2550.9 2840.6 2927.6 3291.3 3299.3 3702.0 4224.6 5198.6 359.3 734.3 1256.1 1907.1 2662.8 3494.2 4369.6 5299.2 6318.9 7438.9
55.4 104.6 181.7 286.8 341.2 418.3 531.6 609.9 725.3 754.7 800.5 1313.8 1458.9 1993.7 2055.9 2208.0 2397.2 2612.7 2960.9 3013.2 3348.2 3700.9 3860.3 4202.6 4536.9 4704.4 4759.1 5723.8 6755.6
114.4 123.4 169.4 199.1 221.2 286.8 299.3 306.6 315.2 337.1 422.6 428.1 446.0 485.3 563.1 622.4 732.2 802.4 862.2 914.3 1057.7 1322.8 1352.7 1679.2 1782.0 2050.0 2157.6 2239.3 2450.6 2575.5 2696.2 2997.0 3082.6 3350.0 3548.0 3749.0 4215.0
163.7 337.5 344.1 380.5 559.0 694.9 789.0 976.5 977.0 1057.1 1507.6 1790.8 1812.0 1832.3 1991.7 2087.5 2270.6 2286.8 2491.7 2711.9 2799.5 2819.0 3054.6 3083.8 3233.6 3544.0 3697.1 3732.9 3843.6 3859.0 4222.4 4430.4 4456.9 4772.4 4841.9 4906.5 5336.7 6283.8
150.0 327.6 411.2 584.8 618.5 705.4 763.1 1044.8 1062.4 1165.4 1383.7 1412.0 1858.3 1864.1 1889.1 2281.3 2367.7 2409.1 2475.0 2797.1 2827.5 2832.3 3006.1 3063.3 3073.5 3278.5 3304.7 3592.9 3772.5 3854.5 3975.5 4338.5 4374.5 4624.5 1281.4 2143.4
188.7 227.96 273.73 306.69 462.66 589.48 596.31 654.7 655.3 721.36 778.9 782.03 855.7 862.19 885.59 925.85 929.59 1015.75 1111.4 1126.87 1183.76 1207.4 1366.3 1375.9 1405.8 1441.87 1461.59 1463.1 1502.1 1526.65 1595.8 1666.4 1714.7 1719.9 1951.6 1981.8 2043.7 2074.6 2106.7 2163.7 2190.4 2210.01 2301.9 2352.2 2570.9 2689.8 2798.7 2964.5 3023.8 3157.6 3236.1 3261.7 3279.9 3417.1 3558.3 3590.3 3906.6 4155.3 4379.6 4383.5 4418.1 4833.3 5258.8 5506.1 6059.3 6722.4 7503.0 8445.0 9480.0 10592.0
140.0 225.4 260.6 335.4 339.9 344.9 415.2 481.2 503.4 534.0 565.6 572.2 576.3 652.3 670.1 761.5 808.3 844.7 855.9 874.2 926.3 951.1 1065.6 1089.0 1173.9 1278.7 1594.6 1618.3 1619.4 1623.0 1670.1 2017.4 407.5 532.3 806.0 934.4 1308.6 1601.5 1690.3 1873.6 2096.9 2209.2 2557.1 2570.9 2595.6 2625.1 2665.3 2748.0 2776.9 2905.7 2992.8 3132.5 3372.7 3386.5 3498.9 3652.3 4043.6 4128.2 4393.5 4508.8 5021.1
196.88 403.8 438.29 628.4 728.3 804.5 837.1 858.6 974.3 1046.4 1055.3 1108.2 1153.2 1167.0 1242.5 1292.5 1313.3 1359.6 1414.8 1495.7 1510.8 1515.3 1573.3 1692.5 1794.8 1802.0 1834.0 1874.6 1884.9 1891.9 1902.6 1970.1 1983.1 1992.2 2004.7 2015.4 2037.9 2063.5 2091.6 2098.9 2119.0 2137.2 2171.8 2238.9 2361.4 2381.8 2509.7 2530.9 2551.5 2554.3 2622.3 2623.5 2641.0 2661.5 2702.4 2703.7 2860.1 3047.8 3056.6 3403.7 3622.7 3859.5 4041.5 4220.6 4453.1 4782.6
208.52 240.98 412.01 449.47 460.0 496.3 513.12 618.3 678.3 706.8 860.2 883.17 926.2 980.8 998.01 1024.36 1076.7 1078.3 1163.8 1185.2 1190.82 1198.2 1237.1 1335.0 1874.9 1927.0 1940.8 2070.0 2116.2 2240.7 2291.5 2394.1 2446.2 2695.2 3024.9 3063.4 3350.3 3666.3 3670.4 3673.3 3865.6 4530.9 4870.8
272.04 959.73 1056.72 1173.19 1259.8 1286.5 1403.07 1456.37 1514.91 1558.7 1565.85 1565.96 1613.86 1663.48 1753.46 1816.86 1824.55 1854.13 1898.35 1950.79 1969.5 2007.25 2060.31 2080.82 2108.3 2232.5 2274.5 2280.92 2287.43 2436.93 2444.02 2464.9 2613.52 2731.6 2881.96 2905.3 2929.91 3013.32 3053.5 3061.1 3075.67 3376.8 3389.82 3524.2 3601.64 4281.0 4292.61 4386.21 4580.3 4731.8 4992.99 5115.9 5628.5 6075.6 6243.2 6298.1 6769.4 7828.9 8072.7 8397.7 8838.7 9068.7 9867.1 10335.7 10414.8 10535.0
60.727 66.64 80.03 171.802 195.433 207.37 232.401 249.91 279.286 363.25 514.32 785.03 840.9 875.75 896.31 899.09 942.99 948.11 1021.81 1080.21 1273.81 1337.4 1455.34 1704.81 1711.16 1850.73 1985.14 2072.23 2269.53 2312.11 2610.03 2647.11 2668.1 2774.41 2889.4 3059.85 3127.59 3348.56 3408.4 3431.05 3510.76 3615.86 3727.4 3794.98 3899.36 3904.37 4035.0 4118.56 4227.36 4328.2 4505.06 4557.16 4659.0 4717.2 4818.76 5060.4 5118.65 5351.46 5454.0 5457.4 5850.46 6264.0 6347.5 7105.7 7558.6 7972.1 8510.3 8595.8
61.25 492.31 660.5 669.7 713.6 726.5 750.4 794.6 823.5 836.5 883.8 958.0 1057.3 1101.8 1206.8 1215.2 1233.9 1284.0 1291.9 1311.7 1346.9 1365.9 1384.9 1388.5 1397.2 1455.7 1493.6 1502.0 1558.3 1648.7
73.13 83.18 89.09 94.28 107.5 136.42 149.86 166.93 187.82 201.1 212.42 232.1 235.53 285.2 292.64 302.46 310.58 352.5 391.97 417.91 452.6 518.33 532.17 564.42 581.64 589.5 649.03 665.82 675.53 699.52 703.48 758.5 765.28 767.2 791.5 810.82 820.7 833.59 872.9 873.72 920.82 1028.28 1111.8 1353.1 1440.3 1511.6 1966.8 2005.2 2236.3 2551.1 2605.9 3037.5 3054.6 3247.4 3790.8 4099.1 4110.7 4180.8 4219.8 4872.5 4969.0 5250.6 5338.7 5378.6 5454.0 5640.1 5686.2 5787.2 5893.1 5986.7 6292.2 6432.8 6513.6 6619.1 6837.8 6876.4
91.1 408.2 410.51 489.25 531.01 632.8 641.3 649.3 667.2 680.46 685.89 730.7 807.3 865.1 970.2 984.0 1041.2 1049.2 1051.2 1072.5 1077.5 1119.2 1159.5 1213.9 1245.8 1382.1 1392.8 1406.4 1434.0 1627.8
75.7 137.9 215.3 219.9 292.0 302.9 304.7 308.9 363.4 379.7 385.3 388.1 409.6 413.5 440.1 452.0 526.4 529.4 543.4 545.7 550.3 561.3 564.2 573.1 611.2 622.7 641.9 655.7 660.5 669.5 672.9 726.3 797.0 800.5
114.312 188.631 211.307 240.214 270.169 288.207 360.045 387.558 396.774 415.449 425.275 462.194 497.59 510.08 515.645 537.862 547.132 558.3 651.02 654.842 666.55 716.72 721.0 744.581 750.38 758.65 768.187 771.35 778.88 786.72 791.01 808.64 872.96 884.89 885.8 923.885 942.924 1031.68 1043.4 1050.18 1141.527 1156.037 1190.26 1234.1 1239.625 1264.16 1290.078 1312.107 1394.3 1412.26 1448.24 1495.84 1568.58

85.119 116.794 175.075 197.272 255.692 261.157 324.682 329.6 343.8 426.451 427.15 486.7 497.5 507.885 524.339 532.057 540.372 552.0 577.402 597.1 657.6 701.0 746.552 755.569 773.599 809.46 827.5 840.966 852.3 852.994 853.9 866.0 870.58 874.71 897.63 914.309 943.11 944.7 957.89 989.88 1010.71 1058.0 1072.91 1133.214 1175.6 1183.27 1200.97 1239.0 1287.5 1297.682 1330.39 1355.81 1377.0 1394.77 1424.57 1444.98 1520.0 1562.1 1589.91 1617.82 1618.42 1639.63 1651.52 1713.1 1721.0 1741.25 1779.0 1793.68 1795.13 1805.51 1809.8 1822.17 1848.57 1853.7 1854.5 1873.63 1878.0 1878.6 1892.05 1897.4 1903.18 1910.68 1927.98 1933.1 1959.61 1973.32 1989.71 1993.81 1998.25 2010.99 2015.93 2018.87 2022.4 2023.15 2024.01 2038.05 2053.1 2084.92 2106.86 2119.09 2204.3 2268.59 2304.01 2434.0
16.03 25.02 44.45 200.48 220.96 294.55 319.17 330.47 450.8 570.78 592.4 659.9
32.194 65.559 105.476 150.89 198.85 311.3 450.52 507.35 585.55 705.82 770.79 791.19 967.01 1013.53 1018.68 1113.22 1114.93 1160.53 1175.93 1202.29 1213.13 1226.19 1257.12 1296.13 1731.87 1775.56 1824.56 1837.49 1850.46 1987.72 1997.8 2004.89 2008.51 2031.95 2034.51 2060.34 2172.5
50.688 68.006 79.383 105.69 151.702 154.93 173.81 180.688 185.49 194.19 244.61 268.8 505.49 597.4 633.85 652.4 682.31 700.0 831.55 850.23 906.96 1049.64 1060.52 1204.5 1389.21 1662.7 1690.0
67.435 154.594 180.565 253.09 345.73 418.99 471.88 495.89 544.59 714.6 774.7 955.1 959.37 999.84 1034.16 1063.6 1068.96 1114.07 1129.3 1170.24 1177.9 1346.4 1390.99 1432.43 1876.0 2244.4 2311.3 2353.2 2358.7 2389.3 2468.8 2471.6 2479.1 2589.4 2673.6 2770.6
