130 160
122.0

131.0 417.0 833.0 1354.0 1962.0 2647.0 3408.0 4245.0
139.6 314.6 523.7 762.9 1032.0 1326.3 1640.3 1976.0 2326.2 2692.1 3064.4 3429.4 246.3 436.7 648.2 900.4 1154.4 1448.6 1741.4 2071.8 2403.6 2772.7 3142.8 3550.8 3956.9 4397.9 4840.0 5785.1 231.02 268.5 491.1 544.7 843.1 910.9 1278.6 1365.8 1801.3 1911.1 2402.5 2544.3 3065.6 3267.4 3760.3 4077.7 4499.4 4973.8 5293.8 5945.8 7001.5 290.5 603.6 1033.7 1577.8 2228.9 2980.0 3826.1 4753.2 5757.3
163.0 479.0 897.0 1388.0 1951.0 2592.0
100.0 207.2 221.3 277.0 458.9 539.8 552.0 691.9 765.0 920.4 1000.8 1133.0 1162.5 1366.0 1423.2 1578.4 1704.4 1789.0 2007.4 2059.0 2253.6 2302.8 2468.0 2677.6 2789.0 2816.1 2935.1 3007.7 3203.0 3431.7 3434.3 3434.7 3606.0 3883.2 4121.6 4267.5 4453.7 4894.3 5115.3 5181.5 5752.0 5820.7 6487.6 6693.3 7715.3 8817.1 9998.0
254.91 686.36 712.88 1170.98 1221.4 1490.94 1640.95 1798.8 2250.2 2275.3 2414.6 2738.2 2768.2 2953.7 3091.7 3218.0 3226.7 3290.6 3337.4 3414.1 3665.3 3682.6 3828.1 3892.5 3921.3 3980.4 3991.3 4357.7 4436.6 4598.2 4603.1 4619.3 4786.7 4837.3 5378.9 5445.8 5795.9 6206.2 6355.7 7110.0 7328.4 8349.7
209.24 541.36 764.65 1202.76 1449.04 1987.06 1996.2 2228.4 2254.1 2375.2 2407.1 2439.5 2510.86 2587.9 2647.3 2713.2 2826.2 2872.2 2880.5 3126.7 3156.9 3364.7 3408.1 3492.4 3783.9 3817.1 3993.8 4183.9 4214.7 4569.1 4645.1 4713.5 4974.3 5133.4 5324.2 5519.8 5655.3 6409.8 7379.8 8424.8 9539.8
346.9 745.68 891.8 1084.2 1399.2 1577.7 1655.6 1732.9 2097.2 2105.4 2238.1 2258.0 2353.4 2501.0 2509.4 2560.7 2651.6 2654.4 2905.7 2956.3 3029.6 3108.1 3262.3 3301.1 3641.2 3821.1 3919.3 3921.8 4072.4 4342.4 4489.3 4616.4 4735.6 4782.4 4805.6 4834.4 4926.3 5075.7 5201.1 5257.9 5329.8 5441.5 5705.8 5722.9 5768.4 5860.5 5938.4 6016.0 6167.9 6261.0 6343.5 6490.2 6887.3 6915.2 6987.9 7209.5 7378.5 7443.8 7906.7 7977.1 8565.1 8862.8 9263.1 9852.1 9881.1 10965.5 12111.1 13310.1 317.9 545.4 845.0 1178.6 1598.9 2043.3 2553.2 3109.2 3675.2 4212.2 4848.2 6067.0
111.9 223.5 267.3 457.4 531.5 589.6 686.7 720.78 786.8 920.1 1020.3 1047.4 1065.5 1067.2 1074.7 1137.2 1158.5 1176.4 1346.4 1380.4 1454.6 1581.4 1779.0 1780.8 1870.4 1879.5 1968.6 2198.5 2249.6 2290.1 2550.0 2566.9 2582.7 2658.1 2671.0 2820.4 2868.0 2908.8 3100.3 3254.6 3284.2 3315.1 3327.0 3331.3 3349.0 3410.4 3445.4 3518.3 3554.2 3710.4 3736.2 4014.3 4047.5 4119.51 4124.6 4164.4 4338.6 4362.3 4444.5 4457.0 4582.5 4696.0 4844.3 4856.9 4881.4 4929.7 5088.5 5145.8 5163.5 5280.0 5322.5 5407.4 5411.9 5443.2 5483.9 5578.9 5713.8 5726.4 5934.6 5962.5 6103.3 6121.6 6125.6 6154.5 6247.5 6386.8 6489.6 6494.6 6601.8 6616.2 6900.1 7176.7 7193.4 7234.5 7272.5 7367.4 7406.7 8031.1 8068.7 8175.1 8286.8 8524.7 9083.1 9395.3 10053.0 11114.5
530.7 990.6 1245.7 1420.3 1599.1 1628.7 1933.2 2014.5 2081.8 2284.1 2289.9 2326.2 2482.3 2595.9 2959.1 2969.4 3127.6 3172.0 3194.4 3210.8 3652.7 3790.7 3892.4 4023.9 4044.0 4404.0 4445.4 4487.9 4622.3 4682.8 4854.1 4914.2 4946.6 4990.0 5087.6 5194.1 5254.1 5328.5 5373.1 5393.9 5397.8 5479.1 5489.5 5499.1 5571.9 5706.1 5794.0 5810.7 5892.6 5998.0 6023.5 6038.7 6166.2 6272.0 6397.0 6420.3 6435.8 6549.3 6725.4 6755.1 6778.3 6864.2 7091.5 7269.1 7320.4 7545.7 7751.5 7772.4 8041.3 8100.7
1.58 176.0 385.23 396.29 545.5 595.49 598.67 810.9 830.17 900.0 991.3 1002.06 1063.8 1084.11 1085.6 1161.2 1180.6 1345.1 1521.7 1531.2 1630.67 1634.6 1767.5 1771.3 1895.88 1899.8 1911.6 1935.3 1957.0 2139.8 2222.6 2290.5 2394.9 2419.0 2563.5 2641.4 2722.8 2823.0 2977.5 3191.3 3206.8 3318.1 3376.7 3509.2 3580.0 3624.3 3818.7 3973.1 4067.0 4265.3 4482.3 4577.1 4769.3 4793.1 4859.5 4887.1 5002.0 5097.0 5206.1 5323.0 5341.0 5434.0 5459.0 5576.5 5595.0 5641.0 5903.5 5941.0 6207.0 6350.5 6414.0 6896.0 7049.0 7143.5 7376.0 7833.0 7987.0 8284.0 8348.0 8558.0 9477.0 10586.0 11238.0
768.0 1450.2 1657.7 1784.1 1791.2 2055.4 2173.2 2347.7 2353.7 2371.8 2373.9 2415.9 2420.0 2439.4 2522.24 2911.8 3002.9 3031.8 3112.9 3187.83 3219.8 3326.1 3386.6 3570.8 3639.7 3661.9 3713.7 3798.6 3825.7 3974.4 4072.1 4210.4 4293.8 4309.1 4371.6 4541.3 4546.7 4630.3 4745.7 4970.1 5048.1 5133.5 5223.9 5417.7 5763.6 5802.9 6089.8 1419.1 2218.8 3078.8 3999.2 4979.8 6021.1 7122.9 8285.8 9510.3 10796.5 12144.7 13555.6 15030.1 16568.4 18171.2 19838.8 21571.6 23369.9 1512.6 2357.0 3258.3 4216.2 5228.8 6302.5 7431.5 8617.6 9861.1 11163.0 12523.3 13941.9 15419.7 16955.1 18544.7 20180.0
107.69 753.99 1107.35 1310.5 1369.26 1536.91 1566.04 1658.8 1715.06 1747.6 1877.3 1891.1 1912.66 2070.31 2102.47 2167.34 2228.07 2270.74 2284.0 2327.3 2329.1 2395.9 2410.71 2450.9 2459.0 2509.4 2558.12 2585.8 2587.52 2685.86 2793.8 2842.1 2885.9 3031.2 3060.7 3088.3 3118.7 3154.0 3275.4 3299.0 3324.85 3598.9 3719.9 3722.4 3889.4 4195.3 4367.5
1660.027 1810.172 2190.891 2323.6 2423.208 2477.651 2587.78 2644.695 2660.691 2688.394 2707.04 2799.65 2822.52 2825.71 2883.008 3019.316 3079.34 3118.63 3124.07 3134.17 3195.77 3225.54 3266.19 3307.9 3308.27 3343.57 3360.67 3376.8 3391.05 3404.6 3413.827 3460.8 3493.96 3519.5 3523.56 3529.48 3559.63 3564.19 3596.78 3626.65 3647.07 3668.68 3688.59 3714.38 3722.7 3731.93 3740.1 3778.46 3786.3 3817.93 3823.39 3846.2 3855.97 3867.89 3877.9 3884.86 3886.77 3890.52 3906.987 3913.98 3939.88 3949.4 3965.67 3985.96 4072.08 4082.84 4124.1 4157.37 4262.1 4410.8 4427.7 4674.8 4700.8 4758.7 4907.8 4960.8 5015.0 5015.8 5077.6 5103.1 5150.8 5151.0 5350.8 5360.8 5520.8 5720.7 5769.8 5855.8 6004.8 6061.8 6126.7 6301.2 6315.8 6411.9 6431.6 6651.4 6771.7 6792.3 6824.2 7000.7 7160.7 7237.7 7397.7 7524.7 7572.8 7604.7 7660.5 7690.9 7870.7 7910.5 7938.4 7950.1 8084.5 8282.4 8325.7 8426.1 8626.8 8997.9 9232.8 9312.1 9419.9 9441.8 9589.9 9985.8 10036.0 10583.8 10698.0 10935.4 11719.4 11768.4 11903.4 12284.4 12739.0
893.792 1105.02 1423.23 1436.372 1538.04 1547.31 1607.28 1627.75 1658.568 1706.13 1729.2 1774.0 1780.32 1804.25 1848.1 1857.66 1876.64 1972.725 1996.96 2049.96 2110.6 2113.1 2133.43 2155.5 2192.98 2230.0 2276.55 2292.82 2329.3 2340.63 2346.39 2385.9 2387.61 2425.96 2438.0 2482.15 2508.31 2512.97 2559.4 2670.0 2710.4 2750.0 2810.6 2899.2 2931.2 2964.3 2978.7 3029.9 3119.6 3139.8 3323.2 3375.4 3483.8 3921.4 4227.9 4315.1 4389.0 4420.4 4586.6 4646.7 4739.9 4867.9 5028.9 5030.9 5247.5 5506.2 5524.6 5679.8 5718.8 5903.2 5955.5 6121.7 6216.0 6361.2 6719.5 6756.7 7327.1 7403.9 7448.8 7742.7 7803.4 7926.2 8072.6 8189.7 8333.0 8376.8 8579.5 8785.3 9979.8 10250.1 11146.5 11454.7 12077.1 12334.3 12717.6 12819.6 14043.5 14427.4 2049.9 3135.7 4272.7 5460.7 6700.5 7993.8 9342.5 10743.7 12199.9 13716.0 15283.0 1939.1 2983.9 4084.0 5233.0 6439.0 7699.0 9017.0 10388.0 11818.0
747.115 1380.273 1381.28 1647.929 1811.682 2045.676 2083.396 2155.798 2222.44 2224.95 2269.83 2280.78 2400.91 2438.981 2513.365 2531.907 2544.16 2551.93 2600.46 2605.08 2636.0 2649.69 2667.14 2678.216 2684.72 2737.2 2740.6 2744.43 2788.194 2797.73 2799.7 2826.4 2829.25 2850.265 2879.1 2898.268 2905.95 2932.34 2968.81 2973.32 2974.49 3014.6 3020.5 3039.4 3043.11 3058.0 3067.671 3072.914 3093.068 3105.35 3123.21 3129.7 3136.414 3151.38 3166.96 3183.22 3183.875 3199.967 3220.82 3223.9 3231.6 3238.594 3244.62 3259.903 3278.15 3288.59 3329.87 3338.24 3354.64 3361.05 3368.74 3376.72 3378.4 3391.623 3397.62 3418.93 3427.72 3431.24 3461.533 3465.72 3471.86 3475.11 3476.92 3509.31 3517.32 3530.52 3546.14 3567.42 3583.915 3591.69 3605.73 3625.985 3646.97 3652.17 3654.14 3693.39 3715.57 3720.49 3740.76 3749.41 3753.61 3770.32 3774.66 3783.62 3785.89 3790.03 3804.24 3924.55 4033.5 4091.34 4143.8 4144.9 4194.94 4202.25 4341.2 4461.5 4579.82 4628.88 4752.35 4969.61 5129.63 5144.4 5206.34 5218.13 5517.53 5614.01 5697.24 5800.4 5873.8 5972.4 6176.8
121.22 197.4 716.6 799.2 809.3 922.8 931.6 1030.7 1043.5 1054.3 1063.9 1069.05 1077.0 1106.863 1173.0 1180.1 1317.672 1317.853 1318.07 1349.646 1449.113 1453.214 1458.4 1471.41 1471.875 1515.2 1548.6 1601.0 1641.98 1656.0 1716.7 1717.8 1749.0 1761.7 1762.0 1803.1 1844.0 1896.5 1982.0 2010.6 2064.9 2069.8 2089.3 2108.8 2202.8 2431.5 2469.6 2558.2 2688.6 2765.3 2978.3 3206.2 3310.6 3467.8
550.255 1161.529 1180.261 1424.46 1434.0 1454.115 1461.1 1465.137 1594.247 1659.4 1664.278 1733.465 1894.824 1903.773 1905.908 1920.97 1972.48 2031.403 2057.96 2095.595 2111.053 2128.64 2146.35 2147.499 2194.061 2204.99 2208.85 2214.215 2228.042 2284.406 2313.57 2318.5 2327.09 2327.62 2339.21 2374.447 2381.67 2390.43 2392.32 2442.29 2467.38 2472.48 2490.004 2513.5 2524.101 2532.39 2539.82 2544.67 2567.89 2570.832 2583.862 2633.15 2641.222 2645.5 2673.07 2675.2 2683.467 2697.77 2698.539 2701.92 2704.6 2713.334 2714.98 2716.05 2719.8 2723.506 2727.31 2734.44 2738.79 2753.15 2762.1 2801.752 2806.73 2807.35 2815.584 2828.13 2830.66 2846.9 2861.07 2862.06 2891.8 2908.13 2928.84 2931.98 2941.1 2942.82 2952.7 2967.6 2976.32 2980.5 2991.78 3014.1 3037.6 3050.5 3063.25 3080.9 3089.84 3095.25 3107.8 3138.46 3153.5 3164.8 3178.0 3188.31 3189.8 3197.4 3216.15 3221.2 3224.83 3235.23 3253.45 3255.3 3276.2 3291.5 3322.6 3398.13 3421.9 3451.9 3483.6 3526.57 3534.9 3545.63 3586.0 3614.76 3640.4 3806.98 3812.0 3843.6 3884.3 3895.4 3992.62 4104.39 4108.7 4110.68 4189.28 4196.25 4241.52 4397.78 4512.91 4516.75 4805.18 4842.69 4864.69 4889.71 4909.65 4917.55 4951.75 5087.55 5136.13 5217.2 5274.93 5287.77 5320.28 5496.39 5524.48 5556.54 5561.19 5578.31 5649.57 5777.74 5837.32 5946.08 6011.15 6029.22 6195.29 6392.23 6477.07 6557.5 6592.79 6694.32 6913.3 7329.3 7332.92 7620.4 7942.5 7977.6 8010.61 8214.5 8358.8 8602.2 8659.5 8931.5 9045.9 9601.2 9898.2 10439.0 10609.1 11524.7
22.507 277.075 285.939 350.041 399.09 528.596 558.375 590.886 636.46 658.6 664.05 709.86 747.55 785.23 789.47 830.41 833.23 835.59 878.64 881.94 925.48 952.78 994.6 1039.0 1132.45 1173.2 1192.72 1237.9 1240.3 1308.64 1343.37 1361.1 1362.4 1398.92 1413.27 1574.7 1670.4 1684.8 1695.7 1847.0 1851.3 1925.8 2040.6 2130.8 2142.4 2145.7 2192.3 2344.5 2427.2 2537.0 2701.7 2734.7 2834.4 2842.5 2875.6 2933.0 3055.1 3181.0 3328.0 3361.0 3365.0 3384.0 3651.5 3859.8 3880.0 3953.0 3968.0 4055.0 4544.0 4575.0 4598.0 4686.0 4799.0 5141.0 5362.0 5477.0 5802.0
333.863 740.382 773.238 1046.039 1071.261 1165.612 1193.732 1255.4 1278.755 1357.53 1417.167 1448.99 1504.447 1642.524 1658.29 1672.71 1684.0 1713.14 1759.56 1764.686 1786.6 1794.0 1819.332 1821.724 1822.28 1833.28 1836.87 1927.3 1950.57 1963.66 1970.334 2020.25 2024.532 2035.22 2044.1 2063.3 2070.144 2095.23 2107.296 2117.102 2119.57 2152.7 2191.24 2194.11 2224.0 2232.13 2259.83 2280.75 2367.34 2433.0 2507.23 2529.4 2550.49 2588.9 2602.2 2679.6 2744.2 2812.74 2893.0 2929.0 2995.7 3012.2 3021.3 3038.3 3048.2 3050.0 3079.8 3088.8 3137.7 3212.3 3293.4 3384.6 3522.6 3675.7 3835.1 3914.2 3941.6 4025.2 4305.9 4386.3 4577.5 4605.8 4612.0 4929.2 5045.6 5251.0 5278.0 5346.4 5581.3 5592.8 5739.6 6023.0 6065.3 6107.8 6421.4
4.821 65.826 69.703 91.532 104.831 147.91 167.75 168.402 175.38 208.991 261.13 284.95 294.82 302.62 306.79 313.85 315.28 323.944 344.909 355.65 383.2 395.581 415.64 419.1 423.18 445.2 445.68 448.58 470.41 490.34 502.27 521.15 530.2 531.81 620.51 632.07 648.26 663.01 663.53 671.99 696.31 703.28 705.8 721.96 741.03 754.3 754.83 757.68 773.98 777.4 796.8 804.7 813.5 821.98 822.64 850.6 851.6 869.43 877.62 887.32 889.0 894.9 920.79 925.9 951.42 953.48 960.48 964.21 974.7 993.5 994.15 1016.5 1017.31 1041.4 1054.25 1091.5 1107.55 1142.2 1161.04 1190.6 1223.97 1236.53 1321.83 1361.32 1379.04 1386.6 1478.6 1490.0 1502.5 1531.17 1532.88 1625.56 1628.1 1630.0 1705.8 1721.1 1740.17 1798.2 1830.4 1835.4 1883.1 1906.57 1911.87 1916.6 1927.26 1936.6 1955.1 2018.69 2041.3 2089.1 2097.7 2107.2 2132.8 2205.5 2229.2 2242.1 2248.3 2350.9 2351.2 2364.3 2375.8 2423.1 2427.1 2444.2 2472.0 2509.8 2560.2 2601.4 2610.8 2613.1 2650.8 2711.6 2762.3 2788.4 2821.4 2861.3 2892.1 2898.1 2935.6 2991.0 3035.0 3107.0 3108.2 3132.8 3140.2 3183.2 3186.0 3358.0 3388.8 3408.7 3439.6 3478.1 3493.7 3627.0 3764.7 3812.0 3829.0 4080.0 4105.6 4122.2 4323.5 4574.0
121.7817 366.4795 684.701 706.88 810.453 963.354 1022.966 1041.114 1082.85 1085.883 1125.35 1221.48 1233.855 1289.94 1292.757 1310.5 1371.744 1505.61 1510.788 1529.794 1559.59 1579.432 1609.23 1612.78 1649.889 1658.8 1666.39 1680.568 1682.09 1728.2 1730.24 1757.032 1764.2 1769.1 1776.24 1803.98 1821.19 1879.11 1891.44 1892.5 1920.46 1930.1 1944.32 1945.83 1964.8 2003.57 2003.81 2042.9 2044.45 2046.04 2055.8 2057.52 2079.68 2091.2 2120.97 2127.43 2139.73 2148.51 2167.0 2172.59 2175.7 2201.1 2201.41 2214.96 2224.8 2237.3 2239.8 2269.87 2284.96 2287.4 2290.5 2295.3 2308.6 2308.9 2320.35 2326.96 2349.05 2350.9 2359.8 2367.3 2375.49 2376.8 2388.81 2402.23 2424.35 2482.03 2509.7 2510.1 2510.58 2516.48 2525.75 2541.1 2567.04 2576.27 2588.76 2590.67 2641.17 2642.9 2662.9 2687.8 2712.4 2736.01 2751.5 2817.6 2833.25 2841.58 2886.8 2891.2 2895.49 2898.6 2901.38 2925.5 2930.1 2938.8 2946.3 2976.85 2991.1 3012.1 3024.8 3079.6 3089.7 3107.4 3122.6 3281.2 3362.0 3378.38 3383.2 3421.6 3708.8 3794.0 3882.6
7.535 35.843 53.533 65.468 90.874 98.37 112.954 127.298 174.173 182.902 189.2 194.655 195.8 246.3 262.331 265.927 276.712 321.113 356.686 362.286 405.468 413.2 414.922 417.7 425.3 447.05 450.05 481.085 524.36 584.31 598.0 630.21 695.8 733.2 734.86 750.32 765.8 800.2
81.976 266.79 543.73 902.64 921.4 1012.39 1099.33 1177.81 1180.65 1202.38 1286.36 1332.8 1337.64 1371.0 1431.0 1440.05 1472.13 1475.0 1475.71 1515.19 1539.26 1576.61 1584.55 1614.82 1661.9 1664.89 1673.83 1706.81 1741.0 1754.64 1755.89 1760.0 1764.4 1774.24 1804.7 1815.13 1818.03 1825.7 1878.82 1890.43 1900.0 1922.19 1926.0 1945.53 1946.15 1973.74 1974.0 1986.72 2012.7 2015.37 2065.93 2069.0 2131.86 2136.9 2139.8 2153.8 2163.0 2196.2 2232.8 2274.97 2287.23 2293.92 2347.93 2368.81 2370.9 2373.0 2421.4 2428.47 2439.0 2443.5 2556.56 2591.32 2618.03 2636.0 2721.28 2743.7 2778.67 2793.0 2825.3 2842.8 2882.0 2907.3 2967.0 3051.29 3091.5 3117.0 3193.23 3339.5 3365.9 3371.1 3426.4 3492.4 3621.7 3745.8 3759.8 3801.3 3826.7 3836.7 3844.0 4020.0 4240.0 4300.0 6465.6
16.547 53.034 76.299 127.698 152.417 220.684 250.5 337.3 359.0 426.418 500.0 595.1 617.543 658.387 736.93 778.146 819.88 821.304 844.113 865.848 882.181 903.466 906.836 915.525 930.642 962.42 968.09 984.45 1010.924 1106.668 1154.43 1168.743 1282.435 1327.525 1362.131
75.89 249.71 517.07 803.69 875.69 1009.79 1020.62 1110.11 1144.07 1256.1 1397.55 1509.22 1515.04 1610.3 1738.35 2033.8 2199.91 2265.52 2341.92 2482.6 2519.04 2526.22 2609.7 2616.51 2699.7
52.393 125.747 160.586 216.425 348.636 353.8 426.21 571.29 621.39 694.29 1293.64 1362.82 1421.84 1466.39 1478.05 1674.0 1694.48
72.8 240.3 498.4 844.5 1266.7 1279.1 1391.4 1521.8 1661.0 1765.8 2334.9

70.6 232.6 482.6 816.4 1227.2 1709.0 2256.8
