137 159
273.2 741.6 1354.0 2076.0 2876.0 3733.0 4645.0
105.2 272.3 545.5 807.6 1169.9 1490.1 1917.3 2045.0 2286.0 2299.4 2520.0 2764.0 2779.0 3065.0 3180.0 3394.0 3591.0 3742.0 4017.0 4139.0 4547.0 5008.0
116.25 121.6 148.3 206.75 319.48 322.84 406.7 426.71 471.8 507.8 530.3 553.0 664.1 675.1 693.9 812.0 865.42 877.0 969.33 1025.4 1039.91 1438.03 1589.41 1623.46 1812.01 1890.85 2212.63 2228.0 2345.16 2406.3 2431.55 2611.7 2693.96 2699.89 2878.23 3097.36 3142.1 3266.9 3338.5 3358.51 3561.53 3568.5 3809.76 3970.0 4079.0 4117.6 4282.11 4352.1 4722.5 4765.3 4787.4 4834.4 5210.0 5211.5 5609.3 5701.6 5937.4 6149.5 6222.5 6715.7 7190.3 7265.6
174.59 185.3 191.24 361.3 379.0 417.7 427.9 447.0 453.3 488.1 535.7 546.5 611.0 687.0 722.3 749.9 882.7 1077.8 1093.0 1131.1 1216.0
96.45 215.77 320.35 336.23 447.75 457.59 509.28 525.92 622.56 656.82 671.97 749.35 837.05 869.87 923.18 967.65 1047.43 1072.64 1154.6 1309.46 1344.96 1408.62 1636.3 1795.68 1820.65 1902.65 2019.56 2030.6 2117.0 2177.2 2229.1 2440.8 2596.8 2750.1 2847.8 3009.2 3024.1 3076.1 3162.8 3182.9 3417.7 3589.6 3596.6 3684.2 3935.1 4039.3 4156.3 4369.2 4417.2 4847.3 4934.8 4985.6 5021.4 5191.8 5285.1 5528.7 5995.2 6008.7 6336.6 6539.2 7049.7
178.75 280.29 284.44 496.71 503.06 526.27 544.4 550.6 585.74 591.37 614.49 619.75 631.71 660.84 705.0 731.9 751.0 935.7 1000.2 1210.3 1383.3 1412.8 1438.2 1481.0 1486.0 1779.0 1948.6 1956.6 2025.6 2160.0 292.69 353.2 376.28 679.4 796.01 1000.9 1066.49 1099.23 1281.2 1397.3 1630.63 1669.1 2001.76 2034.3 2046.0 2085.2 2130.94 2209.2 2231.3 2283.2 2288.9 2359.1 2442.8 2483.97 2543.6 2610.74 2751.33 2935.9 3057.6 3116.8 3154.5 3435.0 3441.5 3548.9 3574.8 3577.5 3819.2 3974.5 4109.7 4114.5 4114.7 4186.5 4218.5 4380.3 4515.7 4650.4 4651.4 4803.7 4909.2 4928.3 4930.0 5078.0 5165.6 5300.4 5467.1 5511.6 5533.5 5729.6 5819.4 6006.0 6163.7 6525.4 6539.1 7073.8 1211.2 1956.8 2875.9 3996.6 5170.4 1374.3 2154.9 3093.2 4011.6 5015.8 6157.0 1461.6 2284.4 3170.7 4117.8 5126.1 6195.5 7324.9 8512.0 9759.9 11067.8 12436.0 13864.4 15351.2 16899.2
258.82 271.93 389.51 463.61 804.1 812.9 906.94 977.49 1057.41 1057.64 1088.31 1188.42 1213.94 1256.88 1306.05 1331.24 1405.58 1497.74 1543.0 1565.24 1602.63 1676.5 1723.6 1754.23 1761.74 1893.31 1903.61 1908.2 1970.6 2018.72 2065.07 2092.15 2116.25 2121.24 2196.71 2209.3 2254.32 2275.59 2318.17 2329.01 2331.89 2351.12 2357.84 2378.22 2417.6 2457.49 2473.88 2559.2 2600.64 2610.8 2612.04 2629.71 2811.51 3011.5 3343.44 3364.1 3414.2 3603.8 3688.87 3748.97 3761.5 3788.0 3963.1 4091.4 4168.0 4215.7 4318.53 4397.2 4472.9 4477.83 4563.0 4565.7 4653.6 4786.6 4946.9 5051.8 5074.8 5107.0 5130.7 5190.8 5243.5 5245.8 5328.7 5382.0 5411.4 5419.4 5587.1 5722.6 5792.4 5799.5 5848.1 5869.3 5904.7 5939.3 6001.0 6055.9 6057.7 6316.3 6333.3 6363.0 6365.0 6556.3 6694.8 6709.5 6747.9 6815.3 6840.6 6871.4 6881.9 6975.6 7024.3 7152.3 7154.4 7214.8 7248.8 7273.8 7288.9 7342.1 7388.6 7389.6 7448.8 7501.5 7577.2 7659.7 7693.7 7701.8 7726.7 7768.9 7804.7 7925.7 7942.6 8003.6 8014.0 8213.7 8264.1 8485.7 8655.9 8730.8 8794.2 8870.1 8944.3 8972.3 9295.5 9364.7 9444.0 9568.0 9977.7 10415.6 10439.3 10624.1 11227.4 11512.9 11852.4 12018.6 12824.6 12974.4 13036.4 14160.0 14293.6 15551.1 15590.5 1029.64 1638.49 2309.63 3042.06 3835.19 4688.5 5601.4 6573.7 7604.9 8694.8 9843.5 11050.7 12316.4 13640.9 15023.6 16466.7 17969.8 19533.1 21157.1 22841.8 24588.1 26392.9 1789.0 2768.8 3805.0 4898.3 6048.9 7257.2 8523.2 9847.4 11230.4 12672.3 14173.5 15734.5 17355.8 19040.0 20780.0
333.29 347.12 580.4 604.41 621.5 629.51 762.67 784.0 887.42 894.6 907.92 926.0 974.8 1048.5 1074.2 1120.1 1127.6 1145.6 1194.1 1201.4 1293.51 1304.02 1338.0 1402.22 1559.91 1669.3 1804.7 1930.2 2362.12 2432.62 2692.72 2709.6 2804.62 2827.92 2801.8 2903.8 3369.4 3454.5 3486.0 3650.5 4366.8 4399.5 4508.4 4597.2 4791.0 4851.2 5174.6 5225.5 5671.4 5844.4 6171.6 6374.5 6426.5 6454.9 6715.4 6842.0 7326.4 7847.2 8136.0 8214.2 8220.7 8223.8 8436.5 8715.5 9079.1 9083.1 9533.2 9889.9 10060.4 10217.8 10641.6 10873.7 12035.1 2568.9 3131.3 3463.3 3995.6 4056.2 4556.5 4914.6 5394.7 6053.2 6962.7 8121.4 9491.4 11033.7 1781.3 2734.0 3745.7 4815.0 5943.0 7129.1 8374.0 9676.2 11039.5 12460.9 13940.0 1079.8 1718.6 2422.5 3192.0 4027.6 4928.3 5894.7 6926.4 8022.0 9181.6 10403.2 11685.2 13019.8 14390.6 15787.1 17217.6 18684.6 1271.4 2002.5 2796.7 3654.6 4573.6 5555.1 6598.5 7703.1 8868.4 10095.2 11379.5 12724.0 14127.2 15593.2 17121.2 18710.5
329.92 716.0 808.33 1041.71 1368.0 1459.7 1500.0 1567.12 1600.26 1601.2 1745.0 1758.03 1761.32 1765.8 1792.0 1828.5 1844.6 1845.32 1880.62 1915.5 2027.8 2042.9 2048.8 2054.1 2079.1 2114.3 2117.0 2149.6 2188.4 2195.0 2203.4 2237.0 2244.4 2284.1 2295.0 2314.0 2318.68 2321.72 2327.3 2349.0 2352.0 2400.0 2402.25 2416.8 2422.3 2423.0 2463.5 2487.2 2494.88 2504.41 2507.0 2525.2 2544.9 2562.5 2573.6 2585.7 2606.1 2617.0 2642.2 2684.0 2690.0 2699.7 2726.0 2742.7 2747.0 2754.1 2779.9 2813.5 2819.1 2836.4 2838.7 2859.2 2862.7 2897.0 2911.1 2918.9 2925.0 2939.0 2971.8 2988.1 3001.5 3026.0 3062.14 3092.0 3101.1 3119.0 3176.3 3183.0 3187.0 3199.1 3220.6 3228.7 3238.0 3253.6 3261.1 3267.2 3280.9 3312.5 3343.5 3349.0 3383.0 3389.1 3397.6 3408.9 3411.6 3412.0 3444.2 3449.0 3451.6 3507.4 3520.0 3525.6 3547.1 3561.9 3578.4 3598.6 3620.2 3628.3 3643.8 3675.7 3705.4 3738.9 3747.2 3768.9 3847.9 3879.8 3888.9 3920.7 3931.7 3939.3 3944.6 3949.8 3962.9 3976.3 3988.9 4003.9 4014.1 4021.6 4023.8 4044.5 4047.9 4051.7 4069.9 4122.8 4131.4 4156.7 4184.0 4258.6 4275.9 4281.8 4308.6 4364.8 4390.7 4410.1 4424.0 4428.3 4432.0 4436.1 4454.4 4463.8 4472.8 4496.6 4502.8 4517.9 4536.9 4547.2 4555.4 4566.4 4577.9 4593.0 4634.6 4645.6 4656.3 4663.8 4685.4 4700.3 4709.9 5152.2
14.57 114.71 230.22 289.35 316.5 331.1 372.69 384.79 421.63 498.17 647.57 666.37 690.71 752.9 802.36 914.3 1235.26 1698.66 1768.66 1882.83 1978.05 2026.96 2105.59 2540.1 2665.9 2951.4 3470.9
229.32 625.3 755.1 776.4 778.05 827.8 861.63 995.15 995.5 1011.8 1033.8 1069.4 1122.8 1213.0 1235.7 1244.3 1289.0 1339.4 1346.5 1360.2 1378.2 1389.5 1399.2 1414.6 1421.3 1465.5 1474.6 1554.3 1565.2 1646.9 1696.2 1756.6 1773.8 1795.7 1807.3 1816.3 1828.0 1832.7 1858.2 1905.7 1910.1 1926.7 1950.6 1961.3 1986.9 1995.6 2001.7 2014.1 2165.2 2293.2 2348.0 2845.3 2900.9 2996.9 3191.2 3230.1 3523.6 3795.2 4178.1 1527.9 2370.2 3262.5 4209.3 5210.6 6266.9 7379.4 8548.8 9775.4 11059.6 12402.4 13804.0 15264.5 16783.8 18362.3 19999.8 1466.0 2290.8 3174.9 4118.9 5123.7 6188.8 7315.2 8502.2 9749.5 11056.8 12423.4 13847.2 15321.3 16818.3 18315.3 19846.6 21429.3 1479.7 2314.6 3213.5 4175.4 5200.4 6288.0 7437.9 8649.7 9921.3 11251.1 12634.4 14055.7 1938.8 2985.0 4081.3 5232.9 6436.3 7694.3 9007.7 10382.9 11847.6 13419.7 15065.1 1724.8 2665.3 3659.9 4708.5 5812.2 6967.6 8190.3 9466.3 10798.1 12186.4 13634.0 15140.9 16702.0 18322.2 2541.0 3884.0 5277.0 6721.0 8216.0 9761.0 11362.0
232.8 312.2 518.49 708.41 720.4 811.4 1172.9 1265.8 1413.1 1478.3 1609.4 1669.9 1841.1 1955.0 1991.8 2140.6 2203.0 2351.1 2539.9 2545.8 2599.0 2877.7 2898.0 2974.9 3047.3 3205.5 3306.0 3653.2 3712.0 3819.5 3845.8 4008.3 4066.5 4086.5 4200.7 4283.9 4335.6 4393.7 4424.8 4651.0 4750.3 5017.1 5125.1 5179.6 5207.2 5215.6 5301.9 5366.2 5389.6 5519.0 5794.0 5943.3 6073.1 6100.4 6306.1 6330.7 6384.8 6435.6 6703.4 1545.6 2393.9 3293.4 4244.8 5248.6 6305.7 7416.4 8581.7 9801.8 11077.5 12408.4 13795.9 15239.2 16738.1 18293.2 1739.0 2685.1 3683.2 4734.1 5838.3 6996.2 8208.6 9477.3 10799.3 12177.1 13611.1 15100.3 16644.4
149.732 459.833 496.386 534.295 666.28 691.8 748.603 776.78 795.043 798.93 812.622 875.925 910.87 933.112 938.59 952.681 956.4 992.208 994.79 1012.599 1059.8 1097.58 1165.05 1177.3 1184.7 1207.78 1220.62 1231.251 1246.41 1333.81 1471.86 1503.5 1529.03 1610.07 1659.49 1743.9 1764.64 1834.0 1898.96 1998.87 1999.35 2062.8 2180.8 2247.1 2335.8 2342.7 2396.4 2453.4 2497.2 2562.2 2576.9 2609.4 2752.3 2828.2 3144.1 3218.9 3249.2 3427.9 3442.6 3542.7 3616.4 3950.7 3991.7 4099.9 4188.6 4222.6 4271.7 4359.9 4404.4 4422.5 4684.7 4705.4 4970.1 4995.3 5049.9 5070.3 5168.1 5338.3 5374.0 5538.7 5607.8 5963.5 6030.0 6289.1 6809.5 6996.9 7027.7 7684.2
43.0 70.0 119.0 181.0 190.0 195.0 237.0 248.0 269.0 321.0 343.0 360.0 407.0 411.0 417.0 421.0 428.0 458.0 465.0 488.0 496.0 511.0 532.0 562.0 588.8 594.0 598.0 601.0 602.0 628.0 634.0 671.0 675.0 683.0 718.0 721.0 744.0 763.0 779.2 877.0 1207.9 1236.1 1268.0 1274.7 1287.2 1371.8 1382.1 1786.9 1829.8 1848.1 1897.3 2168.5 2343.9 2387.0 2440.5 2530.8 2630.1 2685.6 2827.8 2987.2 3106.1 3213.7 3252.5 3365.0 3469.8 3691.0 3714.0 3841.5 3968.0 3979.8 4124.0 4255.3 4394.5 4453.0 4576.4 4618.8 5077.2 5198.0 5250.0 5334.2 6023.0 6111.5 6191.7
21.541 196.245 196.54 216.72 243.29 260.47 306.27 307.27 307.53 307.86 332.18 336.22 349.85 353.65 415.79 499.7 502.27 503.42 511.13 522.19 522.84 546.33 580.01 587.06 600.48 600.74 611.42 632.7 654.4 697.31 698.18 714.88 719.18 735.01 752.38 757.74 790.1 807.3 859.4 881.8 943.2 946.0 957.24 960.1 973.43 1040.92 1057.18 1093.6 1114.0 1220.75 1383.24 1462.64 1503.26 1504.69 1506.93 1563.84 1719.4 1732.8 1752.3 1764.9 1948.0 1964.8 1994.9 1995.9 2118.0 2151.8 2170.5 2224.3 2237.5 2275.7 2438.3 2457.1 2520.6 2557.4 2610.8 2636.3 2734.8 2773.6 2782.6 2789.7 2856.9 2923.5 2955.3 2990.4 3046.0 3057.4 3089.3 3092.5 3163.8 3183.3 3378.5 3479.8 3495.0 3497.9 3509.8 3529.0 3544.5 3772.7 3807.5 3879.3 4119.9 4126.8 4140.6 4185.8 4292.2 4404.1 4460.8 4730.6 4807.8 4859.1 4968.4 5663.1 5776.9
65.2969 77.2593 78.2331 89.6129 89.8496 108.1147 109.0895 111.4473 113.9698 118.1661 120.8384 124.5348 141.8259 146.0857 147.86 148.7362 150.687 158.0554 160.881 174.9374 177.6865 178.9317 180.6328 192.5 196.9142 199.6648 200.749 201.1324 203.1119 211.615 214.3613 219.46 220.7957 221.2091 221.4542 224.5007 227.7206 237.3483 237.4897 246.6554 248.5034 249.3309 253.7615 256.7238 258.7824 265.7203 267.641 272.3782 278.2 283.7192 285.1289 286.0336 286.47 287.1582 294.4522 296.3269 301.1896 303.4561 306.72 307.4595 309.3744 320.9742 324.2955 328.1485 332.5 332.7921 334.3909 338.3923 339.2177 340.7202 341.244 345.6396 347.7468 350.2626 353.3462 359.7994 361.6728 366.4691 368.7 374.6091 375.4 384.8626 387.4583 388.8452 393.3279 395.9248 399.6752 412.7436 424.36 434.738 436.1652 440.5049 442.8582 446.2221 447.79 460.0672 462.5559 468.6 482.9469 483.3425 488.0 492.0894 495.8 508.4783 510.6725 625.74 711.68 758.84 950.18 954.03 1206.27 1208.47 1406.58 1485.03 1760.42 1775.5 1958.62 2079.7 2401.5 2592.2
83.3672 97.43103 103.1802 151.6257 172.8532 193.0667 235.2818 269.737 321.8606 325.0676 396.4046 403.292 442.624 448.1409 477.9292 481.0536 537.9437 552.4749 559.7424 569.4 585.02 589.7 617.4 634.59 636.522 641.591 654.706 657.67 681.88 694.18 701.46 706.622 711.3 713.12 716.177 718.69 760.39 763.8 797.136 825.9 827.4 851.4 890.6 942.6 953.9 1061.2 1113.5 1262.1 1293.4 1313.8 1404.3 1534.3 1574.5 1771.5 1795.7 1797.6 1925.3 2064.9 2082.3 2337.2 2354.7 2500.3 2645.5 2723.4 2929.5 2956.6 3100.9 3266.8 3735.9 3917.7 4426.2
68.1702 71.9118 80.656 82.82 99.9484 100.8612 122.5582 127.4301 129.6795 134.7814 136.6967 145.3 162.4299 173.6022 175.4817 180.7439 185.0509 192.2939 196.1211 203.8168 214.0746 219.48 229.7951 230.881 235.2787 239.2889 249.4186 251.8253 255.2096 258.1901 272.8512 276.7 278.548 279.0377 279.3791 281.6791 282.8087 286.9494 292.82 294.0 295.9225 296.66 299.8081 309.9953 311.3 312.2856 315.3133 319.2 326.8726 328.0177 332.324 334.8346 335.7621 338.0996 342.1315 344.0 349.8207 356.0 356.1031 362.5962 363.9665 367.0 371.8996 375.9 376.8 378.7268 390.4267 400.0 401.0 402.789 403.5175 407.0338 410.0748 411.8891 414.698 415.6551 419.6903 425.472 425.789 428.189 428.7117 429.9187 435.94 438.1 451.0074 451.356 454.0 467.532 471.151 471.889 475.0 479.142 480.4 484.6 485.1826 486.384 494.0 495.3 505.14 513.271 515.9284 521.054 532.7393 545.949 549.587 551.3139 553.734 555.303 566.0 572.469 584.3902 589.3 593.142 593.3 593.726 599.633 702.0 722.0 765.8 952.0
78.6379 104.3346 169.0087 179.1569 245.78 254.6651 300.687 307.3808 357.1693 391.4826 443.026 487.086 501.0053 604.5 623.8 627.298 768.449 782.03 785.4 793.0 817.666 876.803 881.69 911.213 923.185 956.293 973.984 977.3 979.475 1007.308 1007.986 1053.628 1054.85 1064.651 1068.888 1078.06 1096.17 1101.66 1106.78 1126.16 1132.026 1138.387 1151.39 1193.79 1230.73 1264.04 1301.58 1315.94 1483.02 1548.58 1632.56
22.5176 47.6728 87.4897 103.5942 125.68 145.6816 149.6725 159.7111 175.15 184.1966 214.9306 217.7761 250.1646 258.144 260.1834 266.947 268.7468 291.3037 313.0984 324.6951 343.3202 353.4406 368.5352 375.366 386.3223 434.2302 435.5835 441.635 513.2906
76.709 197.863 263.228 394.334 453.5 670.419 716.31 971.99 988.38 1021.27 1360.92 1377.32 1382.94 1418.47 1463.12

75.41 172.0 189.8 254.54 333.61 1051.8
