138 162
220.9 605.1 1093.8 1649.1 2266.0 2304.0 2758.0 2953.0 3296.0 3716.0 3910.0 4555.0 5464.0 6434.0 7450.0
211.95 427.0 530.05 753.0 755.2 1171.2 1255.0 1415.7 1626.0 1871.0 1882.0 1910.9 2174.7 2238.0 2490.3 2576.7 2590.0 2691.3 2697.0 2766.8 2919.3 3031.4 3094.0 3235.3 3245.0 3257.0 3288.2 3391.0 3558.3 3627.7 3684.1 3777.0 3880.0 3960.3 4011.9 4370.9 4374.5 4417.0 4600.0 4768.6 4788.5 5247.6 5401.0 5700.6 6280.0 7231.0 8251.0 9340.0 10498.0 2608.0 2945.0 3313.0 3706.0 4109.0
328.6 713.4 836.2 1068.3 1281.5 1464.0 1693.6 1882.0 2139.7 2412.0 2632.0 2796.8 2926.8 3033.7 3267.5 3617.0 3624.7 3849.3 4025.5 4319.9 4592.8 5460.9 6423.0
113.2 198.4 258.2 377.8 492.2 514.4 551.6 646.1 661.4 752.6 758.3 895.2 907.0 940.5 989.7 994.6 1100.0 1131.8 1281.7 1547.0 1661.1 1670.8 1872.5 2136.2 2149.4 2253.7 2275.8 2447.2 2516.3 2561.0 2596.8 2684.7 2759.0 2874.3 3147.8 3232.7 3277.8 3307.4 3383.0 3593.9 3778.5 3807.9 3813.4 3915.3 4057.8 4299.5 4449.0 4470.0 4679.0 4894.0 5213.0 5265.0 5775.0 6035.0 6124.0 6925.0 7030.0 7873.0 8111.0 8854.0 9379.0 9883.0 10958.0 12108.0 13320.0
515.37 980.13 1209.07 1368.7 1445.13 1914.66 2002.98 2032.5 2102.8 2279.59 2314.4 2342.6 2343.6 2535.9 2753.9 2758.9 2945.8 3070.9 3138.2 3166.1 3305.2 3409.4 3710.5 3730.3 3737.9 3750.8 3789.0 3839.3 3940.5 4069.5 4103.2 4452.5 4468.4 4550.8 4769.4 4781.4 4786.8 4864.3 4901.9 4991.6 5072.3 5184.9 5229.8 5280.4 5287.3 5326.8 5376.4 5427.9 5445.4 5541.2 5608.1 5609.9 5616.9 5647.9 5811.9 5895.7 5915.0 6128.8 6179.1 6217.5 6263.5 6269.4 6286.4 6398.6 6479.7 6564.6 6860.7 6919.3 7030.3 7093.0 7140.6 7178.5 7287.7 7558.2 7599.8 7629.3 7648.6 7782.6 7830.3 7841.6 7991.5 8021.6 8096.6 8197.4 8252.6 8330.8 8573.3 8596.6 8635.8 8733.6 8810.3 8963.1 9144.6 9226.6 9283.8 9633.3 9704.6 9750.3 9858.1 10106.6 10316.6 10399.8 10707.3 10812.3 10994.0 11238.6 11356.8 11829.0 12389.0 13141.0 14588.0
45.1 354.3 407.5 493.1 752.3 787.9 1076.6 1250.7 1474.0 1775.9 1794.1 1847.9 1864.2 1912.3 2053.8 2180.9 2236.7 2327.9 2420.0 2430.5 2505.1 2537.3 2651.8 2668.5 2670.1 2767.6 2883.1 2985.7 2993.9 3007.0 3087.4 3091.0 3149.3 3159.2 3224.3 3249.4 3273.2 3284.1 3330.6 3535.1 3583.7 3601.1 3821.3 3836.0 4015.8 4126.5 4214.5 4251.2 4395.1 4453.5 4489.3 4646.3 4799.0 4847.2 4924.3 4931.6 5023.5 5123.1 5226.8 5306.5 5400.2 5587.8 5625.7 5757.2 5764.4 5825.5 6064.7 6159.9 6575.5 6591.0 6651.2 7098.2 7109.0 7187.5 7281.0 7453.5 7539.1 7910.2 8039.1 8425.5 8539.1 8721.8 8750.4 9594.6 9746.8 10634.6 10935.8 11942.8 12924.8 14082.0 1155.0 1825.5 2557.2 3349.8 4203.5 5116.6 6088.7 7119.1 8207.3 9354.0 10560.0 11824.0 13148.0 14532.0
743.0 1702.29 1744.52 1876.41 1886.9 2226.51 2302.6 2330.5 2354.3 2442.3 2462.1 2471.6 2786.7 2787.9 2861.9 2912.5 3015.4 3018.0 3244.2 3345.7 3433.1 3697.0 3910.0 4144.5 4267.0 4450.9 4756.0 4954.0 5086.4 5133.9 5179.5 5227.9 5369.9 5455.0 5486.8 5497.1 5613.1 5626.4 5722.9 5835.2 6213.7 6233.0 6264.2 6325.0 6380.6 6382.1 6432.4 6443.1 6618.4 6669.9 6703.3 6747.8 6824.6 6927.7 7014.1 7339.1 7349.1 7349.7 7351.5 7418.6 7569.4 7606.6 7756.4 7760.8 7885.9 7923.0 8104.4 8189.5 8221.2 8476.1 8539.9 8595.3 8641.9 8993.0 9069.8 9079.0 9198.9 9603.0 9862.4 9958.6 10066.1 10424.1 10441.4 10795.2 11178.3 11723.7 12843.0 13941.0 1649.0 2528.2 3430.7 4323.3 5257.5 6237.5 7268.8 8353.4 9492.9 10687.6 11937.4 13243.0 14605.0 16022.8 17497.3 19029.1 20617.1 22262.0 1609.3 2503.5 3456.9 4468.5 5538.1 6666.0 7852.6 9098.1 10402.0 11764.6 13186.6 14668.0 16208.0 1548.3 2409.7 3332.8 4316.0 5357.4 6457.6 7617.6 8833.6 10110.7 11443.7 12837.0 14289.0 1764.6 2735.3 3764.5 4850.0 5994.0 7194.1 8452.6 9769.1 11144.6 12581.6 1935.2 2993.1 4105.7 5277.7 6507.7 7794.7 9144.0 10554.0
27.3 749.1 1015.1 1272.9 1415.4 1498.2 1525.0 1666.7 1684.2 1809.9 2181.7 2195.7 2200.1 2258.5 2301.7 2382.3 2411.4 2432.2 2442.6 2472.5 2640.8 2657.8 2784.0 2823.2 2872.6 2885.6 2935.0 2974.4 2987.2 3105.2 3175.8 3194.4 3207.2 3285.0 3353.8 3356.8 3457.9 3469.3 3506.3 3511.3 3558.9 3573.1 3585.5 3602.9 3652.8 3674.0 3694.4 4037.3 4155.7 4160.4 4240.4 4283.4 4336.3 4539.6 4901.3 4936.4 5023.6 5032.8 5316.7 5414.2 5414.5 5446.5 5464.6 5487.5 5536.8 5684.6 5729.8 5754.6 5906.0 5931.1 6069.8 6159.7 6264.9 6547.2 6682.1 6698.8 6866.0 6899.9 6955.7 7033.6 7098.0 7220.9 7223.0 7263.4 7472.6 7502.9 7716.0 8120.6 8183.2 8198.6 8211.9 8246.8 8386.0 8636.8 8733.7 8804.0 9024.7 9372.7 9377.2 9601.1 10203.4 10255.7 10417.4 11333.0 12175.5 1492.8 2310.9 3178.9 4097.7 5068.5 6092.3 7169.4 8300.4 9486.3 10726.5 12021.8 13372.4 14779.3 16243.3 17763.4 19339.6 1602.9 2446.2 3338.3 4285.6 5289.9 6351.5 7471.9 8647.8 9876.1 11152.5 12471.7 13834.0 15241.0 16696.6 18206.9 1893.4 2926.4 4012.8 5157.3 6360.2 7619.4 8933.7 10303.6 11736.0
1579.31 1971.97 2165.0 2611.39 2657.92 2981.93 2986.0 2996.6 3020.0 3031.2 3098.82 3182.42 3287.09 3290.1 3293.48 3312.8 3383.99 3389.0 3411.8 3416.3 3422.6 3428.06 3436.3 3456.3 3456.8 3460.3 3463.3 3484.83 3485.0 3639.0 3660.1 3778.9 3783.6 3854.1 3864.46 4107.3 4248.2 4501.7 4540.6 4645.4 4719.0 4828.5 5094.2 5277.0 5350.2 5447.5 5528.5 5700.2 5729.7 5791.3 5893.6 5995.4 6119.4 6398.3 6819.6 7033.3 7164.2 7201.3 7512.4 7565.5 7658.4 7738.2 7999.1 8029.4 8076.3 8367.6 8649.0 8665.1 8803.3 8914.9 9082.9 9224.7 9253.4 9256.4 9481.6 9494.3 9526.2 9744.3 9961.9 10005.6 10086.3 10265.8 10439.3 10769.6 11023.0 11098.3 11243.4 11439.5 11449.0 11496.8 11528.9 11637.0 11932.0 12890.2 13695.4 14013.0 14175.7 14196.0 14443.0 14594.3 15068.0 15442.0 15757.0 16312.0 1704.3 2634.8 3618.0 4656.5 5749.9 6898.7 8100.0 9350.2 10648.0 11993.2 13386.9 14833.1 16331.6 17885.2 1663.2 2571.7 3532.7 4548.9 5621.1 6749.0 7933.7 9176.3 10475.6 11832.5 13245.9 14718.7 16248.6 17830.6 1964.6 3029.5 4153.0 5328.7 6554.3 7832.3 9155.0 10524.0
997.1 1152.4 1292.31 1397.01 1412.01 1628.3 1643.0 1699.36 1701.6 1759.2 1797.1 1846.8 1944.1 2028.9 2078.4 2385.9 2438.91 2488.22 2489.8 2572.27 2625.9 2736.0 2760.47 2763.81 2941.6 2942.7 2960.3 2971.5 3005.6 3038.32 3082.5 3170.0 3185.8 3204.8 3227.9 3322.7 3360.1 3399.08 3581.97 3691.94 3872.9 4006.94 4070.32 4230.0 4450.96 4617.92 4844.08 4948.76 4971.93 5265.1 5382.32 5557.1 5583.05 5923.2 6236.1 6471.4 6541.4 6621.4 6826.5 6906.7 7035.4 7389.3 7665.4 7825.4 7873.8 7963.9 7993.9 8153.6 8333.4 8587.8 9241.0 9507.0 9691.2 9879.8 10271.6 10487.6 10688.7 10747.2 10993.3 11232.2 11850.7 11930.3 12208.6 12548.7 13104.7 13265.1 13416.0 13446.0 13446.5 14433.2 15174.8 15390.0 15691.0 16777.0 16937.0 1442.35 2237.88 3084.91 3984.86 4939.23 5948.78 7014.02 8135.05 9310.5 10538.95 11816.48 13139.6 14506.8 15920.6 17384.4 18900.7 20472.6 22100.4 1509.15 2337.17 3214.9 4143.92 5125.52 6161.0 7251.42 8398.1 9601.6 10863.0 12183.4 13563.5 15003.3 16503.6 18065.0 19687.8 1457.9 2261.7 3118.7 4029.4 4995.8 6018.5 7098.7 8236.3 9431.6 10684.6 11995.3 13363.0 14786.2 16263.5 17786.2 19298.4 1527.4 2361.8 3245.5 4181.4 5170.0 6212.0 7308.9 8462.4 9671.9 10939.6 12265.7 13650.1 15093.7 16596.4 18159.8 1850.6 2844.6 3880.7 4960.4 6086.0 7260.5 8483.6 9756.4 11079.5 12453.8 13881.8 15365.9 1832.6 2829.3 3875.8 4971.8 6115.0 7305.6 8543.1 9828.0 11162.3 12547.1 13982.7 15471.8 17014.1 18610.5
784.432 1273.489 1416.374 1810.89 1834.59 1863.445 1912.98 2082.0 2188.67 2233.6 2310.97 2424.1 2503.7 2505.8 2522.03 2563.83 2567.05 2614.59 2632.8 2693.28 2694.62 2700.06 2782.54 2868.67 2872.89 2886.31 2915.51 2935.1 2937.0 3029.72 3045.6 3065.0 3076.12 3089.64 3128.7 3130.87 3152.84 3156.9 3180.1 3295.03 3310.7 3357.7 3367.62 3477.9 3502.1 3574.94 3645.84 3667.0 3701.85 3758.61 3768.28 3808.27 3822.8 3868.6 3918.58 3980.8 3990.45 4051.0 4068.23 4119.18 4121.8 4170.22 4271.3 4311.95 4408.86 4430.1 4500.71 4542.27 4551.4 4740.9 4906.3 5026.2 5117.8 5168.2 5355.9 5438.9 5579.0 5800.8 5833.0 5883.3 5934.0 6211.2 6268.9 6381.9 6546.0 6575.3 6641.1 6834.9 7051.8 7110.8 7156.0 7274.6 7334.1 7531.3 7791.3 8005.3 8243.2 8304.9 8309.6 8364.5 8455.9 8609.6 8639.5 8832.5 8987.5 9244.0 9259.0 9653.1 9758.1 9934.7 9957.8 10046.9 10063.5 10318.4 10474.7 10694.5 10760.7 10870.1 11158.8 11186.2 11457.3 11478.4 11546.4 11587.4 11728.1 12013.2 12064.4 12139.1 12285.5 12382.3 12530.0 12683.4 13039.5 13126.4 13148.0 13244.2 13354.8 13555.4 13736.3 13870.3 13888.7 13911.9 14011.7 14146.2 14207.0 14924.8 15166.1 15728.2 16078.0 16112.5 16204.6 16257.8 16407.2 16474.1 17241.4 17320.6 17371.2 18482.1 19149.0 1447.8 2243.6 3090.3 3988.2 4938.5 5942.4 7001.1 8115.3 9285.9 10513.7 11799.3 13143.3 14545.8 16007.2 17527.7 19108.2 20748.2 22448.5 1530.7 2369.5 3258.6 4198.4 5188.8 6228.5 7316.3 8451.5 9634.2 10865.4 12146.3 13478.5 14861.8 16299.3 17790.4 19336.6 1706.0 2631.0 3606.7 4634.2 5713.8 6846.5 8032.4 9271.7 10564.6 11909.1 13304.3 14739.5 16182.1 17629.8 19101.8 1739.7 2678.4 3666.8 4706.4 5797.5 6941.7 8139.7 9392.5 10700.6 12065.0 13486.3 14964.8 16501.7 1753.6 2698.5 3689.9 4727.8 5812.4 6944.3 8123.8 9350.3 10624.1 11946.2 13315.8 14732.9 16197.8 17710.9 19272.9 1651.6 2549.0 3494.9 4491.0 5537.8 6637.2 7789.4 8996.2 10257.2 11573.7 12945.8 14374.4 15859.5 17401.9 1873.7 2892.1 3969.0 5101.0 6287.7 7527.4 8817.6 10152.6 11530.7 12956.1 14431.3 15960.2 1822.4 2812.3 3858.2 4961.4 6120.6 7332.7 8596.7 9908.0 11263.4 12664.8 14115.4 15618.4 1783.4 2745.6 3755.3 4811.6 5916.5 7069.9 8271.5 9521.3 10818.5 12157.8 13509.7
164.988 352.235 775.2 795.82 817.1 873.35 955.81 1026.84 1085.2 1124.89 1144.09 1167.11 1205.67 1348.73 1402.9 1483.8 1487.6 1544.13 1557.38 1597.29 1609.05 1614.05 1655.19 1739.7 1750.61 1751.1 1772.83 1844.31 1992.49 1999.5 2058.01 2088.47 2126.6 2158.36 2199.9 2231.6 2261.54 2300.72 2314.1 2383.4 2401.1 2482.75 2503.7 2514.6 2523.9 2570.1 2590.06 2599.31 2613.2 2683.42 2702.9 2757.21 2768.0 2808.6 2824.97 2830.6 2856.4 2861.8 2913.08 2918.2 2922.7 2961.5 2977.7 2999.64 3003.4 3021.05 3057.0 3070.8 3079.8 3084.4 3099.76 3124.07 3134.4 3149.4 3175.59 3201.4 3206.43 3227.5 3231.2 3258.4 3272.9 3294.2 3294.3 3313.62 3319.0 3340.6 3365.2 3384.7 3387.0 3403.4 3418.8 3431.4 3442.8 3466.8 3473.2 3486.2 3499.6 3516.2 3535.1 3543.9 3611.4 3631.9 3765.2 4054.3 4323.7 4340.0 4342.7 4571.8 4719.3 4801.4 5052.2 5300.3 5462.5 5633.5 5738.5 6098.8 6264.8 6299.8 6470.2 6504.0 6656.4 6786.5 7071.7 7741.4 7821.5 7824.4 7996.6 8217.6 8433.3 8458.3 8465.2 8557.0 8657.4 8940.3 9055.2 9273.0 9325.8 9437.9 9501.6 10361.9 10510.0 10601.8 10850.5 10930.3 11011.5 11199.7 11243.2 11711.7 11907.5 12268.3 12383.7 12469.0 12580.6 12619.3 12751.9 12967.1 13189.1 13278.6 13378.9 13567.2 14108.6 14187.0 15044.2 15163.3 15950.9 15997.4 16908.0 17916.7 18977.4 20091.1 21258.4 22480.3 23756.5 25088.5 26476.3 27920.5 29421.0 30978.8 32594.5 34266.6 35996.5 1746.7 2624.8 3525.8 4468.1 5455.0 6488.0 7569.3 8699.7 9880.6 11113.1 12399.0 13738.6 15133.4 16584.0 18090.7 19654.7 21275.0 1349.6 2098.2 2897.4 3751.5 4647.5 5600.8 6605.7 7662.4 8772.5 9935.7 11151.2 12420.0 13742.8 15119.6 16550.5 18036.1 19576.3 21170.7 22818.1 1497.5 2315.1 3180.0 4092.1 5052.8 6058.3 7114.6 8218.3 9369.8 10568.8 11815.8 13110.1 14451.6 15839.7 17274.6 18757.1 20285.7 21860.7 1560.5 2415.5 3323.5 4283.8 5299.4 6369.3 7495.4 8678.7 9919.6 11218.9 12576.6 13993.6 15469.4 17004.0 18599.0 1420.6 2200.8 3030.5 3911.5 4845.0 5832.1 6874.1 7971.6 9125.8 10337.8 11608.3 12937.2 14325.5 15772.1 17278.1 18843.3 20469.3 22155.3 1655.0 2556.9 3509.0 4512.8 5562.5 6667.6 7824.8 9034.1 10296.4 11612.1 12981.6 14404.4 15881.9 17414.6 19000.4 20641.6 1809.5 2794.9 3833.0 4924.0 6066.5 7259.7 8502.6 9794.5 11132.5 12518.6 13948.6 15420.9 16934.0 18483.4 1798.6 2771.2 3797.0 4813.4 5851.3 6941.2 8086.9 9289.2 10549.2 11867.6 13243.1 14683.4 16178.0 17731.9 19346.4 1543.9 2391.2 3289.6 4239.7 5242.2 6304.9 7422.0 8594.8 9826.0 11114.4 12461.2 13868.4 15331.7 16863.5 18451.7 1697.0 2621.2 3596.6 4627.0 5715.5 6863.6 8072.9 9342.9 10673.5 12063.6 13512.5 15020.1 16586.1 1757.2 2713.2 3725.8 4795.4 5921.4 7103.0 8337.0 9619.4 10946.4 12320.2 13740.5 15212.1 16738.0 18321.0 19960.0 1741.3 2677.0 3663.4 4701.4 5792.2 6935.1 8130.0 9381.0 10688.0 12049.0 13467.0 14941.0
638.045 1134.297 1207.135 1288.42 1430.467 1518.362 1592.428 1699.912 1814.13 1936.31 1947.36 1955.371 1969.99 1987.93 2080.61 2083.96 2091.623 2115.75 2157.5 2179.912 2209.54 2211.11 2262.21 2306.2 2326.283 2364.91 2392.06 2408.53 2416.7 2426.2 2434.34 2521.56 2554.14 2558.51 2564.96 2593.9 2627.99 2654.39 2678.45 2686.84 2754.58 2767.3 2786.49 2816.1 2827.81 2845.41 2868.27 2906.0 2956.2 2984.95 3024.7 3035.64 3042.61 3083.76 3118.75 3134.13 3176.8 3177.732 3220.3 3251.5 3269.32 3288.2 3298.34 3329.33 3344.68 3366.4 3375.72 3378.11 3389.2 3461.7 3510.72 3522.4 3631.4 3657.35 3712.4 3726.63 3772.03 3828.4 3840.04 3963.64 4021.2 4105.4 4111.07 4131.1 4143.8 4151.0 4164.0 4178.6 4186.9 4206.9 4235.2 4246.2 4258.0 4264.6 4283.1 4289.4 4296.7 4303.2 4314.0 4322.0 4343.9 4378.6 4405.3 4435.2 4445.9 4462.3 4492.8 4499.8 4522.8 4529.4 4545.6 4557.2 4563.3 4739.6 4744.9 4834.9 5428.8 5450.9 5632.8 5764.8 6311.8 6450.8 6495.8 7275.8 7929.8 8325.0 9410.0 9497.0 9582.0 9851.0 10532.0 11231.0 12185.0 12678.0 1664.1 1931.3 2552.0 2897.4 3012.6 3480.9 3893.0 3960.6 4451.79 4861.7 5465.28 5860.7 6521.8 6907.6 7621.8 8005.2 8766.4 9154.0 9956.9 10354.0 11194.8 11604.9 12481.4 12906.1 13818.0 14257.7 15205.8 15658.7 16645.9 17109.1 18139.1 18608.2 19686.1 20155.8 21287.8 21751.8 23397.3 1423.8 2015.5 2208.9 2787.0 3043.3 3601.3 3928.6 4458.6 4865.1 5359.3 5853.7 6304.6 6894.6 7295.2 7989.9 8331.9 9139.2 9415.2 10343.1 10546.6 11602.4 11725.9 12916.1 12955.8 14229.1 14293.5 15557.7 15721.8 16936.3 17208.2 18366.7 18751.4 19848.9 20351.6 21384.3 22010.0 22972.1 1473.7 2284.2 3144.2 4054.7 5017.2 6032.1 7100.3 8222.7 9399.8 10632.1 11919.8 13263.6 14664.1 16121.2 17635.1 19204.2 1588.6 2451.5 3359.9 4313.1 5311.3 6353.7 7441.4 8574.4 9753.9 10980.9 12256.0 13581.2 14956.3 16382.4 17862.5 19379.2 20915.2 22505.2 1511.4 2341.2 3221.1 4151.2 5132.6 6166.5 7253.5 8394.9 9590.4 10841.4 12147.9 13510.5 14929.5 16404.8 17937.1 19527.0 21171.8 1469.4 2275.8 3131.3 4036.7 4993.1 6001.3 7062.1 8176.0 9344.4 10567.0 11845.0 13178.7 14568.9 16015.7 17519.6 19080.3 20698.2 1650.3 2552.7 3507.9 4518.1 5584.2 6706.4 7886.2 9124.2 10420.8 11776.5 13191.5 14665.5 16199.5 17793.6 19446.1 1702.9 2627.2 3601.5 4626.6 5703.4 6832.3 8014.8 9250.8 10540.9 11885.9 13286.0 14741.9 16253.7 17821.0 1655.6 2555.8 3507.0 4508.5 5562.2 6660.4 7822.2 9034.6 10300.5 11621.0 12996.6 14427.3 15912.7 17451.6 1706.5 2629.1 3599.1 4615.7 5680.0 6792.0 7952.0 9159.7 10414.1 11716.8 13068.5 14468.6 15917.5 17412.5 1664.1 2553.1 3430.8 4353.5 5322.9 6338.5 7403.9 8516.3 9682.2 10901.0 12172.4 13499.3 14881.7 16320.1 17816.2 19373.0 1667.4 2577.0 3433.3 4334.0 5279.6 6271.1 7311.5 8404.3 9544.6 10736.6 11981.5 13280.5 14635.3 16047.0 17515.0 19046.0 20638.0
108.094 379.3 395.445 426.688 575.619 584.78 587.449 589.1 618.14 620.602 670.86 705.98 719.46 784.81 811.835 839.32 851.9 901.97 905.58 913.56 938.77 982.27 1052.2 1076.95 1087.59 1115.77 1157.9 1164.3 1192.19 1199.15 1210.06 1279.06 1345.44 1363.84 1373.95 1405.14 1425.0 1435.08 1456.58 1463.27 1477.66 1493.38 1505.41 1505.73 1510.92 1552.7 1577.56 1676.61 1701.4 1707.68 1725.74 1745.76 1778.56 1788.96 1836.9 1851.58 1852.72 1852.97 1890.8 1941.11 1970.91 1978.05 2003.73 2012.15 2034.36 2043.89 2070.97 2076.02 2077.86 2099.01 2107.0 2116.09 2128.72 2132.53 2154.9 2173.19 2196.6 2205.94 2220.9 2243.8 2246.95 2256.7 2295.02 2297.3 2317.7 2324.32 2325.11 2391.5 2400.5 2405.4 2421.74 2443.0 2444.86 2600.05 2866.2 2915.24 3007.7 3238.17 3728.2
344.2789 615.399 755.3958 930.545 1047.85 1109.173 1123.185 1227.38 1282.263 1314.652 1318.42 1434.02 1460.53 1470.48 1550.21 1605.602 1643.409 1668.07 1692.41 1746.78 1755.98 1771.57 1807.66 1839.62 1861.58 1862.05 1880.3 1915.42 1941.16 1975.67 1997.89 2011.63 2138.8 2173.41 2201.79 2246.83 2265.19 2299.66 2300.4 2301.83 2331.4 2394.19 2462.77 2495.3 2523.72 2529.39 2536.9 2599.28 2687.1 2691.2 2709.32 2719.73 2729.22 2749.21 2814.6 2862.6 2880.61 2883.8 2890.4 2913.98 2928.8 2932.6 2964.2 3007.2 3024.3 3042.16 3085.2 3099.36 3106.4 3140.0 3159.6 3165.1 3189.5 3191.3 3205.4 3250.9 3284.9 3309.7 3324.2 3328.8 3337.8 3338.2 3346.4 3357.98 3393.27 3411.5 3433.2 3478.9 3499.2 3573.2 3938.7 4142.7 4609.3
41.5568 93.343 95.1737 109.7564 129.1637 134.9 168.4 171.189 183.4699 212.0081 215.993 219.4434 221.3 249.5543 290.3599 303.543 315.1995 316.0271 327.8535 333.169 361.0 361.6511 363.448 368.668 395.146 412.8955 436.2708 442.1917 448.52 482.9358 490.61 504.1716 508.659 514.3 530.461 548.765 551.09 555.9 564.6 575.0 579.127 607.202 610.5 636.311 636.449 649.021 664.325 674.4 675.98 676.724 683.957 708.964 715.81 720.348 723.6 727.805 729.207 731.625 769.054 775.158 782.674 790.77 804.7 812.645 821.312 847.823 857.587 865.611 885.911 887.6 894.615 898.7 903.509 932.194 937.373 945.28 955.447 962.034 972.5 990.143 1010.1 1015.02 1015.24 1025.503 1034.8 1035.2 1040.47 1044.66 1050.7 1054.726 1066.64 1101.674 1102.771 1118.35 1118.59 1124.22 1131.702 1157.43 1163.69 1172.635 1180.95 1190.5 1199.26 1220.8 1247.554 1252.144 1268.201 1272.75 1311.8 1314.52 1318.1 1328.369 1337.96 1353.48 1363.58 1384.53 1387.53 1401.6 1422.96 1426.4 1450.31 1452.38 1472.0 1586.3 1721.66 1740.7 1872.3 2168.0 2356.9
123.0696 370.995 680.656 717.655 815.48 996.251 1047.582 1127.784 1135.96 1144.43 1182.076 1233.1 1241.271 1251.625 1263.776 1276.986 1294.174 1295.467 1365.869 1397.524 1404.069 1414.418 1418.14 1432.585 1510.1 1531.289 1559.994 1573.958 1606.55 1617.118 1637.04 1645.809 1650.33 1660.896 1674.1 1698.501 1701.98 1716.031 1719.551 1756.45 1770.182 1775.39 1790.199 1796.932 1810.21 1836.36 1838.597 1861.546 1878.3 1894.7 1900.15 1911.538 1912.07 1943.93 1948.542 1963.8 1973.06 2023.82 2040.5 2041.07 2073.29 2080.219 2080.777 2101.6 2112.78 2116.9 2119.51 2137.47 2148.79 2175.08 2183.17 2184.67 2185.85 2186.04 2194.12 2215.3 2221.53 2228.81 2230.06 2245.29 2248.05 2251.2 2254.11 2266.22 2272.3 2277.12 2294.54 2299.39 2302.27 2304.83 2309.46 2324.3 2336.0 2342.53 2368.86 2380.51 2385.04 2401.33 2403.1 2403.8 2406.18 2409.9 2416.21 2430.67 2432.82 2440.7 2449.2 2453.29 2459.4 2459.74 2467.5 2475.26 2482.02 2482.28 2486.41 2494.8 2499.3 2502.58 2512.0 2514.8 2532.87 2561.3 2568.1 2579.61 2585.5 2590.3 2616.06 2619.52 2621.78 2633.13 2637.47 2655.38 2668.4 2686.7 2695.5 2699.4 2710.5 2721.5 2722.53 2734.28 2735.9 2741.5 2744.1 2775.36 2777.3 2779.9 2787.2 2788.46 2850.3 2872.37 2934.2 2948.33 2950.64 2955.68 2981.27 2989.88 3009.7 3022.72 3027.2 3031.5 3090.6 3122.54 3153.1 3154.8 3158.72 3162.7 3184.06 3264.4 3294.2 3327.3 3345.9 3350.7 3363.6 3384.0 3404.44 3414.75 3428.0 3490.81 3517.17 3519.07 3550.2 3599.2 3629.42 3894.3 3987.3 4016.1 4087.1 4099.3 4102.0 4176.3 4474.9 4595.1 4646.3 4656.0 4735.5 4782.3 4788.5 5116.4 5209.2 5254.3 5349.9 5415.8 5457.5 5519.5 5810.9 5848.5 5889.4 6121.6 6136.2 6178.0 6294.1 6535.6 6555.4 6883.3 6946.1 6955.0 7055.5 7274.0 7353.1
60.0087 86.546 105.3109 107.5803 117.9986 121.05 146.0707 214.3512 230.1289 251.7062 266.6478 268.6235 282.8 287.0043 321.3808 326.0878 350.436 367.6338 392.318 393.5329 423.4126 423.7 427.2361 450.5638 451.3719 453.6 454.4748 464.1 485.976 488.7207 534.13 553.372 559.368 581.457 592.1429 610.842 614.8561 647.793 658.987 663.5 720.6177 721.0 729.39 736.7 752.551 786.6 786.899 804.38 815.7334 872.81 880.5 896.75 1002.955 1012.894 1028.0 1035.222 1060.599 1078.43 1086.848 1104.795 1113.0 1129.842 1142.1 1144.4 1192.853 1197.613 1220.1 1225.009 1230.3 1292.49 1297.181 1326.3 1332.09 1343.316 1359.3 1359.852 1363.637 1434.31 1437.685 1470.02 1474.44 1517.077 1615.1 1617.5 1635.8 1809.0 1888.8 2199.0 2825.0 3505.0 4234.0 5009.0 5829.0
88.9666 288.1799 584.706 965.09 1049.5 1129.413 1154.112 1168.22 1242.495 1247.961 1258.045 1276.105 1297.792 1319.737 1355.374 1366.489 1408.1 1416.034 1462.26 1468.53 1506.809 1510.539 1538.837 1540.23 1622.476 1637.98 1643.76 1705.61 1715.194 1753.591 1765.61 1771.07 1780.399 1827.794 1848.94 1849.82 1851.298 1851.774 1860.994 1893.38 1909.21 1914.766 1916.408 1924.41 1934.214 1946.38 1948.98 1952.292 1952.41 1958.46 1961.99 1965.049 1965.967 2003.77 2010.71 2020.62 2026.64 2027.42 2044.854 2054.13 2055.9 2066.56 2070.3 2079.36 2103.23 2106.62 2116.394 2121.42 2134.3 2137.55 2174.99 2181.65 2186.79 2190.9 2195.3 2203.5 2205.541 2216.7 2219.9 2232.55 2249.51 2259.95 2269.924 2287.5 2293.45 2300.87 2322.6 2344.4 2360.37 2361.2 2404.6 2427.24 2430.52 2442.36 2475.74 2490.54 2522.98 2539.0 2686.2 2689.14 2707.74 2745.0 2785.5 2829.6 2896.8 2973.3 3010.0 3050.0 3059.0 3070.0 3096.0 3122.2 3150.0 3157.5 3218.0 3314.0 3400.0
54.533 63.917 115.717 131.455 180.229 227.31 347.25 426.0 434.426 474.629 478.87 514.671 524.85 607.589 640.56 683.233 686.668 702.1 722.9 729.02 747.0 751.432 762.664 771.321 801.57 814.21 816.575 919.5 1002.76 1049.68 1060.07 1185.87 1231.43 1424.8 1630.0 1956.9 1976.1 2072.0 2129.6 2180.0 2198.8 2250.5 2253.0 2290.66 2307.6 2333.61 2346.0 2397.0 2401.3 2446.0 2488.0 2504.0 2509.0 2518.1 2527.0 2537.0 2540.4 2547.0 2555.8 2562.5 2581.0 2590.1 2595.2 2633.5 2657.0 2674.0 2689.0 2694.0 2706.0 2721.0 2744.0 2760.0 2778.0 2787.0 2798.0 2827.0 2841.0 2846.0 2858.0 2863.0 2883.0 2906.0 2916.0 2925.0 3020.0 3035.0 3040.0 3049.0 3057.0 3078.0 3084.0 3088.0 3100.0 3106.0 3131.0 3154.0 3158.0 3162.0 3228.0 3233.0 3239.0 3251.0 3268.0 3272.0 3288.0 3333.0 3346.0 3356.0 3375.0 3413.0 3456.0 3472.0 3479.0 3506.0 3528.0 3663.0 3680.0 3684.0 3713.0 3717.0 3734.0 3739.0 3775.0 3821.0 3842.0
79.51 261.44 538.983 904.4 977.089 1023.65 1041.59 1158.92 1176.43 1187.1 1196.1 1259.81 1263.46 1265.48 1350.5 1358.42 1371.89 1380.57 1391.0 1402.86 1406.64 1452.3 1481.37 1499.04 1517.4 1623.0 1635.0 1636.23 1639.27 1653.0 1667.29 1685.0 1716.74 1743.08 1791.7 1793.51 1814.07 1847.74 1856.36 1861.21 1866.7 1894.39 1894.54 1901.5 1916.86 1920.19 1930.12 1941.18 1952.34 1953.64 1957.8 1964.04 1977.96 2017.8 2023.7 2033.85 2035.44 2048.92 2083.55 2089.17 2120.15 2153.1 2215.41 2221.54 2249.53 2260.08 2269.11 2325.28 2340.3 2395.4 2447.3 2450.9 2475.4 2499.19 2566.8 2601.2 2620.9 2644.1 2670.6 2761.92 2804.0 2823.0 2842.0 2844.2 2859.6 2986.1 3039.0 3108.0 3161.0 3192.0 3200.8 3258.2 3288.0 3299.0 3428.0 3470.0 3577.0 3820.0 3921.0
50.66 67.79 118.92 121.93 146.39 185.4 212.3 227.49 602.13 710.21 732.59 744.38 872.7 948.5 1128.52 1162.67 1351.8 1519.81
75.26 248.52 514.75 867.9 988.4 1057.54 1070.42 1147.78 1192.69 1224.28 1261.07 1290.1 1295.57 1300.7 1325.73 1331.11 1351.09 1377.06 1379.56 1388.64 1392.8 1427.86 1435.99 1460.3 1531.74 1537.41 1548.61 1568.69 1584.03 1586.99 1599.12 1643.0 1653.09 1665.39 1687.95 1717.0 1806.3 1941.0 1966.64 1971.5 1996.67 2052.15 2118.0 2121.11 2163.0 2278.0 2313.0 2348.0 2377.3 2471.0 2582.0 2670.0 2761.0 2796.0 2820.0 2999.0 3008.1 3032.0 3131.0 3166.0 3170.0 3228.0 3277.0 3292.0 3308.0 3328.0 3331.0 3340.0 3357.0 3376.0 3415.0 3460.0 3477.0 3537.0 3550.0
71.9 163.7 314.3 394.7 804.3 824.0 1273.0 1338.0 1490.0
72.1 237.3 490.8 827.3 1238.9 1719.5 2261.3
