141 163
307.3 811.1 1458.6
181.9 211.6 280.2 418.1 500.2 584.0 621.4
520.75 534.48 541.21 788.16 1072.3 1194.8 1218.42 1423.8 1535.6 1809.5 1811.6 1927.55 1966.8 2025.8 2092.6 2146.8 2302.5 2310.9 2399.7 2582.5 2688.7 2705.5 2745.0 2786.7 2796.3 2834.4 2901.4 2939.3 3078.5 3186.6 3199.6 3231.0 3281.1 3407.0 3468.1 3503.6 3568.2 3588.6 3604.6 3785.3 3797.6 3886.1 3919.5 3979.5 3996.5 4212.1 4287.0 4332.4 4351.8 4353.3 4373.5 4600.3 4663.9 4751.6 4775.4 4789.9 4941.2 5069.3 5108.7 5144.8 5161.0 5191.1 5196.2 5336.8 5447.9 5553.6 5598.8 5721.0 5804.8 5989.3 6033.4 6115.9 6123.8 6230.5 6362.7 6445.3 6489.6 6773.8 6895.4 6906.0 6938.1 7032.8 7090.4 7336.8 7342.0 7519.3 7734.3 7903.8 7912.4 7985.8 8153.5 8252.4 8409.0 8651.5 8750.9 8789.9 8916.5 8944.1 8970.8 9330.1 9430.5 10126.1
196.5 283.9 298.6 396.9 475.5 476.2 517.1 544.5 978.2 1127.2 1209.0 1787.3 2154.7 2183.1 2260.7 2514.5 2586.2 2741.9 2780.2 2918.0 2983.4 3129.9 3276.3 3433.1 3705.4 3712.7 4058.3 4631.5 4664.6 5164.2 5379.9
578.2 639.6 804.3 1314.9 2061.9 2868.0 3732.5 4652.5 5632.8 6672.1 7769.4 8924.4 10136.3 11407.6 12731.6 14118.6
241.09 280.18 338.15 354.85 384.65 397.98 565.91 574.95 618.4 653.15 660.31 664.83 682.14 920.0 1162.3 1696.1 1726.96 1737.4 1923.8 2082.01 2156.8 156.7 361.9 779.6
253.4 354.5 719.2 1316.4 1330.3 1413.3 1438.6 1479.8 1487.4 1611.4 1616.5 1643.0 1715.7 1758.8 1766.5 1775.3 1964.8 1983.4 1987.3 2019.3 2045.3 2079.2 2088.5 2157.2 2180.1 2235.2 2320.3 2400.8 2485.8 2635.4 2703.9 2785.7 2814.6 3043.2 3190.4 3207.0 3382.4 3471.9 3758.4 3889.8 3953.5 3975.2 4020.0 4044.6 4084.6 4508.4 4669.4 4702.5 4741.1 4754.4 4769.7 4819.1 4827.2 1710.0 2651.0 3649.0 4704.0 5815.0 6982.0 8206.0 9487.0
109.6 178.4 195.4 280.9 327.9 351.3 375.3 406.0 425.8 620.24 657.8 794.5 950.8 1095.8 1220.0 1246.0 1247.2 1249.0 1267.0 1276.9 1295.0 1305.0 1332.7 1365.9 1380.0 1484.0 1642.9 1654.0 1723.0 1828.5 1840.1 2361.7 2714.0 2868.4 2953.9 3167.9 3367.1 3594.9 3801.8 4178.5 4238.9 4295.7 4422.9 4504.9 4862.1 4946.1 5008.9 5172.4 5225.4 5314.5 5558.4 5747.0 6489.8 6523.3 6933.5 7270.0 7341.9 7620.4 7760.9 7833.8 8338.1 8618.6 9196.0 9576.9 9920.0 9972.5 10148.0 10424.4 10511.6 10752.6 10791.6 10880.1 10963.9 11445.7 12116.2 12342.5 12449.3 13060.2 13379.6 14090.6
100.76 207.0 460.44 689.36 741.7 754.93 822.27 825.16 837.25 840.6 844.26 869.8 872.56 952.9 970.4 982.21 1088.5 1120.1 1129.0 1184.0 1189.0 1205.42 1206.0 1250.65 1272.8 1381.94 1382.1 1420.6 1426.0 1454.5 1461.4 1473.8 1508.5 1568.8 1591.0 1672.7 1697.6 1728.31 1734.8 1776.7 1813.3 1841.73 1867.8 1876.96 1879.0 1883.09 1953.1 2015.1 2065.43 2074.2 2161.2 2302.9 2350.0 2368.7 2492.2 2518.4 2664.3 2666.9 2762.7 2812.5 3141.6 3526.8 3603.3 3990.5 4061.2 4106.9 4208.1 4463.0 4673.5 4923.0 5147.9 5257.5 5618.5 5712.0 5734.8 5965.9 6025.1 6111.9 6220.6 6400.3 6788.2 6873.9 7112.4 7193.8 7740.5 7976.2 8048.1 8246.9 8280.6 8733.4 8921.8 9196.9 9227.2 9482.2 9771.2 9955.3 10183.9 11000.2 11176.9 11204.2 12151.9 13117.8 1534.8 2381.9 3281.3 4234.8 5242.0 6302.7 7416.9 8586.1 9810.7 11089.5 12423.9 13815.0 15259.2 1343.6 2091.7 2890.7 3741.2 4643.2 5597.3 6603.6 7662.4 8774.1 9938.6 11156.5 12427.9 13752.8 15131.5 16565.0 18052.7 19594.6 1623.3 2513.9 3454.9 4447.5 5491.4 6587.2 7735.6 8935.6 10187.6 11490.6 12847.3 1701.4 2633.3 3619.0 4656.6 5744.9 6884.9 8077.9 9322.9 10622.9 11976.9 13382.3 14832.8 1657.0 2564.8 3523.1 4532.8 5593.5 6706.2 7873.0 9092.7 10364.5 11692.1 13075.3
397.2 1067.95 1232.79 1306.55 1348.4 1586.5 1910.4 2114.0 2404.9 2413.0 2641.7 2741.4 2757.6 3017.9 3373.6 3684.5 3898.2 3933.2 4324.0 4818.2 4894.6 4972.7 5238.9 5448.8 5667.5 5725.8 5842.5 5975.7 6010.9 6044.1 6382.5 6509.0 6571.4 7067.9 8168.2 8266.1 8335.0 8496.9 8514.9 8519.9 8540.5 8808.2 8901.2 8957.6 9013.4 9188.2 9327.2 9403.5 9556.6 9914.3 9921.4 10006.9 10046.6 10170.2 10321.6 10906.2 11072.4 11160.0 11567.7 12596.5 13378.5 1244.2 1941.9 2690.1 3489.3 4339.8 5241.9 6196.0 7202.9 8262.5 9374.9 10540.4 11759.2 13031.5 14357.9 15738.2 17173.1 18662.5 20206.6 21806.2 1378.6 2148.3 2971.8 3849.1 4779.6 5763.3 6801.2 7892.0 9035.1 10231.2 11478.8 12778.5 14129.9 15533.2 16986.2 1765.3 2694.7 3671.7 4698.4 5775.4 6901.6 8079.5 9309.2 10591.6 11924.9 13312.0 14752.5 16246.5
22.922 72.39 99.54 248.79 276.42 485.64 548.85 583.98 646.02 686.7 703.8 711.93 841.11 856.81 886.43 887.5 917.78 949.07 1082.61 1096.6 1119.38 1202.1 1241.21 1319.4 1319.6 1433.86 1582.29 1611.09 1629.66 1663.18 1693.4 1724.46 1741.78 1773.74 1841.63 2002.2 2045.7 2120.3 2180.6 2219.9 2375.3 2468.6 2782.6 2847.3 3108.2 3115.7 3128.6 3159.1 3196.0 3274.0 3287.7 3808.4 3900.6 4148.0 4564.8 4765.4 4773.9 4840.2 5034.2 5162.4 5363.6 5467.2 5474.8 5656.4 5818.7 5924.6 5985.1 6165.3 6169.9 6485.1 6594.0 6673.7 6879.9 7248.1 7264.6 7295.8 7304.3 7618.8 7676.3 7764.5 7882.4 7901.6 8283.0 8335.8 8802.4 9035.0 9123.5 9379.5 9406.2 9445.4 9490.2 9530.3 9708.7 9733.6 9750.5 10032.2 10296.7 10350.5 10620.3 10772.3 10792.0 10997.7 11200.5 11201.9 11274.8 11425.9 11593.0 11726.4 11756.6 11760.6 11830.0 11956.8 12704.0 12719.9 12754.2 13019.5 13249.3 13460.7 13522.7 13524.6 13791.2 13850.4 14538.9 14900.4 15316.9 15343.4 15641.3 16589.1 1495.8 2307.0 3161.0 4058.5 5001.2 5989.4 7023.6 8105.6 9235.6 10413.6 11641.5 12919.4 14247.6 15626.9 17058.6 18541.6 20076.8 1248.5 1940.4 2677.8 3461.2 4289.9 5164.7 6086.3 7054.4 8070.1 9133.1 10243.6 11402.2 12609.1 13863.9 15167.1 16519.1 17918.6 19366.9 20861.9 1409.2 2183.1 3004.3 3872.1 4787.9 5751.5 6764.8 7826.6 8938.0 10098.8 11308.4 12567.2 13876.8 15234.5 16642.7 18099.5 19604.3 1584.9 2450.2 3364.1 4326.0 5335.4 6392.0 7495.8 8648.3 9849.4 11097.9 12394.4 13739.2 15132.1 16571.4 18056.9 1470.2 2282.1 3145.6 4059.8 5025.0 6043.2 7114.5 8239.2 9416.3 10645.6 11928.3 13263.7 14652.5 16096.7 17597.4 1529.4 2368.0 3257.7 4199.0 5191.9 6236.3 7332.7 8482.9 9685.4 10941.1 12250.4 13614.2 15028.8 16502.6 1566.0 2424.1 3333.9 4293.9 5305.5 6369.7 7485.2 8655.0 9876.3 11150.7 12478.9 13859.8 15294.8 16783.8 1617.0 2501.0 3435.9 4421.8 5460.6 6550.5 7693.8 8890.7 10139.6 11441.6 12797.6
235.39 256.93 277.19 283.29 342.15 501.74 600.3 806.1 1212.4 1230.1 1237.7 1349.2 1370.2 1712.1 1887.7 1920.3 2269.3 2499.4 2660.6 2688.6 2852.0 2889.4 3126.7 3218.3 3250.5 3596.2 3720.0 3845.3 4002.0 4234.0 4350.2 4354.0 4361.0 4454.0 4502.0 4694.0 5103.0 5182.0 5249.0 5257.0 5966.0 5969.0 6011.0 6093.0 6371.0 6696.0 6873.0 6916.0 7284.0 7617.0 7728.0 8290.0 8371.0 8502.0 8565.0 8961.0 9147.0 9389.0 9792.0 9804.0 9923.0 10283.0 10614.0 10996.0 11654.0 12054.0 12761.0 13278.0 13929.0 1687.3 2596.5 3550.3 4550.3 5596.5 6691.1 7832.1 9021.5 10261.7 11553.9 12896.5 14291.1 15737.0 1645.0 2532.7 3465.0 4443.2 5466.2 6536.1 7654.2 8819.1 10034.7 11301.4 12616.8 13984.0
80.72 147.57 163.175 213.742 218.628 240.529 254.201 262.831 274.73 324.968 371.542 389.551 444.695 510.29 511.3 529.383 535.4 537.375 543.15 571.949 597.286 630.42 651.72 660.171 694.905 722.417 725.526 726.557 740.555 755.3 773.07 789.96 791.0 800.18 807.464 848.4 877.0 957.17 959.94 966.9 968.0 979.0 1010.3 1067.0 1082.85 1104.67 1130.65 1151.545 1199.4 1226.47 1240.38 1341.45 1364.84 1422.6 1429.32 1495.0 1532.9 1627.4 1681.6 1762.03 1779.35 1791.38 1822.56 1824.69 1835.72 1858.09 1912.505 1923.8 1940.26 2011.35 2023.78 2086.7 2095.2 2120.07 2120.97 2155.6 2211.2 2467.4 2740.2 2827.0 3493.6
119.1 154.3 353.3 469.4 714.0 918.7 1189.2 1473.6 1760.5 2118.3 2413.9 2841.7 183.9 338.5 479.1 676.8 870.5 1100.6 1342.5 1599.8 1885.1 2166.6 2490.0
65.4622 155.785 226.918 250.03 271.045 274.075 317.047 334.848 397.4 408.7 452.6 466.802 498.64 508.395 517.542 544.891 549.604 555.3 576.1 596.0 652.033 673.2 688.3 743.92 747.6 760.628 767.3 809.526 861.87 891.138 906.43 917.2 950.38 959.0 1056.6 1062.075 1068.37 1120.003 1155.484 1161.7 1255.85 1294.961 1376.7 1411.8 1452.0 1470.99 1492.636 1528.8 1638.852 1641.2 1656.39 1664.915 1750.099 1793.646 1835.82 1860.95 1865.82 1868.95 1910.7 1911.2 1913.6 1954.72 1991.78 2070.1 2482.3 2661.4
49.63 88.4 109.7 183.5 281.9 378.9 393.6 442.0 530.6 546.6 646.8 686.2 800.0 858.2 954.5 1060.4 1146.9 1263.3 1366.8 1510.6 1584.3 1741.4 1873.9 2029.6 2103.2 2285.9 2461.5 2609.9 2694.2 2890.5 3114.5 3243.7 3345.7 3548.4 3816.0 4048.0 4255.0 4559.0 4791.0
60.82 143.83 252.4 326.12 327.3 358.0 377.5 407.9 425.9 513.8 517.6 531.9 571.7 597.5 637.3 643.4 647.9 658.5 693.4 697.5 699.5 709.3 763.6 782.9 789.7 793.6 851.1 860.6 890.4 891.9 954.7 974.4 992.6 1025.6 1044.6 1052.3 1082.8 1096.2 1102.8 1137.0 1141.2 1222.3 1228.9 1276.1 1315.1 1337.2 1387.7 1432.7 1436.5 1533.6 1551.1 1577.1 1664.7 1668.2 1779.5 1798.5 1875.8 1905.6 1920.3 2020.2 2037.7 2082.8 2164.4 2188.7 2273.4 2325.7 2417.6 2429.4 2471.6 2535.5 2579.9 2640.4 2705.1 2765.6 2807.1 2884.4 2988.2 2989.7 3067.5 3149.7 3226.3 3271.4 3469.5 3567.6 3567.9 3687.4 3746.3 3810.2 4086.5 4149.0 4379.3 4399.1 4745.2 4774.5 5031.2 5059.2 5453.8 5725.4 5792.0 6216.3 6579.3 7423.0 186.7 316.0 467.1 642.8 837.2 1048.0 1274.5 1515.7 1767.6 2034.6 2306.6 2591.5 2879.4 3176.3 3478.4 3791.2 4108.2
55.04 110.3 128.3 217.3 322.6 388.4
58.0 137.463 241.12 348.18 362.03 363.51 388.4 428.0 454.5 510.32 535.0 545.0 547.5 580.72 617.63 668.73 674.31 677.9 761.2 777.1 822.2 854.92 857.3 859.86 891.0 971.0 978.0 1008.6 1052.15 1102.5 1282.43 1504.92 1769.32 2019.12 2311.22 2582.7 2892.8 3178.9 3497.8 3794.0
63.6855 64.1096 78.8665 79.0924 105.576 126.483 133.2214 138.7354 139.4743 156.4446 167.7537 176.833 200.405 222.629 232.78 236.977 244.16 257.541 265.229 268.818 318.357 322.297 354.736 377.761 381.285 421.433 478.225 478.559 480.257 484.317 503.543 511.791 520.267 532.733 552.967 571.555 576.924 589.005 592.741 598.668 660.087 664.669 684.398 765.471 767.967
56.289 133.681 230.72 314.914 394.364 417.228 480.13 488.78 585.776 707.19 1149.88 1209.72 1252.37 1349.66 1404.68 1420.62 1460.54 1477.63 1533.8 1537.43 1552.17 1558.18 1601.02 1623.11 1655.81 1778.19 1810.75 1825.2 1853.6 1856.95
39.1 341.41 442.11
344.0 373.0
