142 168
315.9 798.9 1387.3 2010.6 2639.3 3241.2
66.7 250.9 433.3 471.8 693.6 805.9 845.5 923.1 1010.6 1044.2 1409.7 1497.6 1529.4 1558.4 1581.5 1850.0 1875.4 1942.1 2059.1 2073.7 2091.6 2231.6 2235.2 2312.3 2379.8 2442.2 2556.1 2579.0 2589.9 2760.6 2806.3 2873.9 2915.6 3038.2 3103.8 3133.7 3163.0 3175.8 3201.6 3248.0 3272.2 3372.4 3440.7 3587.5 3651.4 3666.3 3675.1 3676.5 3713.5 3851.9 3908.9 4040.4 4060.2 4232.1 4312.3 4376.5 4384.4 4387.8 4436.2 4466.1 4655.5 4820.9 4860.0 5019.6 5231.3 5294.6 5509.5 5583.5 5793.1 5916.7 6029.4 6165.5 6278.9 6628.6 7010.3 7527.1 7903.4 8497.5
492.5 1165.0 1916.6 2023.1 2230.4 2497.8 2565.5 2817.4 3117.0 3175.0 3655.7 3936.9 4335.2 4602.1
66.3 406.1 431.1 681.5 740.2 818.7 1142.0 1283.4 1636.2 1640.3 2744.2
682.9 1608.2 1782.9 2281.9 2519.1 2635.2 2808.7 2935.7 2987.2 3161.4 3631.8 4028.8 4265.3 4475.0 4850.8 5014.0 5155.8 5334.0 5744.0 6094.8 6095.0
72.04 750.5 955.96 1145.0 1335.7 1631.8 1780.8 1924.6 2063.4 2404.0 2462.0 2659.2 2680.6 2693.2 2937.5 3081.2 3325.3 3407.2 3558.3 3650.6
1677.3 1687.5 2348.3 2426.7 2731.0 2738.1 2832.2 2853.9 2919.1 2969.6 2995.2 3115.4 3171.7 3188.6 3279.6 3323.2 3327.7 3405.0 3755.8 3980.7 4289.5 4393.0 4459.8 4477.2 4634.2 4761.9 4851.4 5054.6 5261.0 5270.4 5410.5 5522.9 5772.4 5985.5 6264.5 6591.8 6601.0 7115.7 7434.6 8198.5 8532.0 8785.4 9017.4 9169.6 9289.8 9704.3 10058.0 10103.1 10111.5 10456.4 10933.5 11816.4 12536.8 12651.5 13220.0 14235.0
1034.6 1073.23 1090.75 1406.7 1501.0 1572.8 1583.6 1626.3 1663.45 1703.7 1712.8 1727.5 1775.6 1782.2 2165.8 2251.8 2291.7 2312.2 2321.2 2357.9 2402.4 2409.2 2466.3 2487.3 2550.4 2607.1 2661.1 2718.5 2728.7 2771.0 2788.6 2789.2 2827.3 2882.8 2938.1 2980.4 3014.2 3049.6 3079.13 3129.5 3180.1 3202.6 3312.5 3348.7 3362.8 3490.4 3645.4 3885.4 4084.8 5222.6 5478.0 5747.8 5929.6 6177.9 6668.8 7242.1 7409.9
803.0 1395.0 1457.0 1786.7 1851.0 2402.0 2582.9 2686.5 2714.6 2813.0 3026.0 3243.4 3472.0 3813.9 3835.0 4013.7 4110.6 4148.7 4293.9 4337.0 4567.0 5071.0 5416.0 5613.0 5813.0 6019.0 6395.0 6816.0 7001.0 7047.7 7102.0 7289.0 7372.0 7474.0 7650.3 7725.0 7741.0 7754.0 7955.0 8008.0 8122.0 8303.6 8404.0 8425.0 8445.5 8482.0 8545.0 8610.0 8729.6 8764.0 8777.7 8829.0 8843.9 8868.0 8905.2 8922.0 8951.2 9063.0 9106.7 9275.0 9305.0 9400.0 9896.8 9975.6 10237.7 10327.0 10888.6 11005.0 11218.0 11305.0 11392.0 11701.5 11803.0 12316.3 12352.0 12497.7 12735.0 12776.0 12927.0 13597.0 13802.0 14055.0 14991.0 15946.0 16290.0
527.38 775.57 968.61 984.75 1334.5 1348.7 1511.16 1549.52 1733.7 1856.6 1918.58 1961.3 2263.02 2402.0 2554.3 2582.9 2866.1 2911.66 2958.6 3078.2 3428.5 3733.9 4306.3 4387.3 4741.5 4903.8 5742.9 6007.2 6032.2 7037.5 7219.5 8177.8 8302.7 8680.3 8891.7 9813.4 10029.8 10131.3 10279.1 10320.7 10562.6 10749.9 11143.5 11840.7 1104.7 1732.4 2414.2 3148.2 3933.9 4771.7 5660.8 6601.4 7593.3 8636.1 9729.9 10874.0 12068.7 13313.7 14608.5 15953.1 17346.9 18791.0 20283.4 21825.2 1310.7 2029.9 2795.5 3607.7 4466.9 5373.6 6327.9 7329.6 8379.6 9477.8 10624.4 11819.6 13063.1 14355.5 15696.4 17085.8 18525.9 20018.4 1493.6 2306.6 3167.1 4076.7 5035.3 6041.8 7098.5 8204.5 9360.2 10565.0 11819.7 13123.3 14475.3 15878.7 17328.5 1470.7 2276.0 3128.4 4027.7 4974.5 5968.9 7011.5 8102.0 9240.2 10426.6 11661.5 12944.4 14274.1 15652.9 17077.8 1967.7 3028.0 4139.9 5305.8 6521.3 7784.5 9097.9 10463.6
613.81 1227.59 1261.19 1313.7 1448.2 1452.76 1697.9 1750.66 1781.94 1840.6 1944.6 2071.01 2296.59 2342.68 2437.41 2703.19 2726.8 2906.1 2930.1 3149.7 3160.68 3173.37 3183.81 3226.9 3243.9 3396.0 3535.0 3820.27 3969.1 3992.0 4015.8 4029.9 4135.6 4430.27 4652.1 4734.5 4804.87 5034.81 5088.1 5179.1 5198.7 5341.7 5764.5 5867.0 6051.6 6111.5 6129.4 6171.8 6225.4 6373.5 6537.0 6737.1 7054.5 7120.1 7227.1 7661.3 7710.1 7808.5 7881.9 8185.9 8337.9 8633.5 8848.8 8945.3 8996.2 9398.6 9528.5 9835.7 10012.3 10110.1 10257.2 10491.0 10541.0 10674.0 10795.1 10961.0 11209.0 11395.4 11442.9 11519.0 11574.6 11602.1 11793.0 11859.0 11963.2 12178.9 12325.2 12428.8 12612.0 12717.0 12946.2 13048.9 13117.2 13253.4 13396.7 13493.2 13517.2 13687.2 13722.0 13771.0 14485.0 14663.2 14742.0 14993.0 16276.0 16397.0 17539.0 17617.0 19016.0 20470.0 1249.9 1942.6 2680.7 3464.7 4294.6 5171.0 6094.2 7064.4 8081.8 9146.7 10259.4 11419.9 12628.5 13885.1 15189.9 16542.8 17944.1 19393.7 20891.5 22437.1 1681.3 2576.5 3508.7 4478.6 5487.1 6536.3 7628.9 8766.5 9949.9 11180.5 12458.2 13785.6 15162.7 16586.3 18063.4 1632.7 2523.9 3468.7 4466.9 5519.3 6624.2 7781.1 8989.0 10249.4 11563.2 12931.8 14357.6 15840.3 17384.4 18989.1 1390.6 2163.4 2988.4 3865.2 4794.2 5772.9 6802.7 7883.5 9014.1 10194.4 11422.4 12703.4 14031.1 15407.0 1337.0 2084.0 2882.8 3733.9 4635.2 5589.0 6594.1 7649.1 8754.1 9909.9 11115.7 12369.5 13673.7 1566.0 2415.7 3310.6 4251.8 5237.9 6269.2 7346.5 8469.2 9636.3 10847.9 12104.6 13404.5 14748.8 16137.2 17570.7
108.7 270.6 295.8 365.9 500.9 565.75 576.74 637.12 688.34 712.44 830.12 837.33 1040.9 1068.13 1092.3 1160.2 1189.7 1272.8 1276.4 1304.1 1321.97 1381.3 1455.2 1500.8 1521.6 1581.0 1584.1 1602.8 1648.4 1753.6 1822.2 1861.7 1891.6 1963.0 2040.6 2151.8 2158.0 2180.7 2194.7 2231.0 2284.7 2453.6 2521.8 2523.2 2685.9 2746.3 2762.2 2763.4 3074.1 3079.8 3168.4 3389.1 3415.5 3742.9 3827.9 4063.1 4133.6 4460.3 4486.0 4781.7 5140.1 5206.4 5243.6 5376.7 5590.6 5759.8 6108.5 6226.8 6717.3 6740.8 6945.7 6998.7 7064.1 7533.5 7581.8 7763.6 7883.0 7933.3 8028.6 8130.7 8451.2 8461.9 8604.4 8635.8 8636.7 8664.8 8823.1 9018.9 9171.0 9211.7 9272.9 9619.2 9805.9 9853.9 9882.2 9928.0 9965.5 10115.4 10271.1 10381.2 10684.0 10801.2 10841.4 11115.6 11336.6 11432.7 11534.6 11540.4 11615.0 11757.4 11852.0 11898.5 12093.2 12114.0 12336.0 14069.8 1487.3 2297.9 3153.3 4053.5 4998.9 5990.0 7026.9 8109.5 9238.6 10413.6 11635.4 12903.7 14219.2 15581.2 16989.8 18445.1 19945.0 1403.1 2173.7 2990.2 3853.3 4763.7 5721.3 6725.3 7777.8 8877.8 10026.0 11222.6 12467.1 13759.7 15100.5 16489.3 17927.1 19412.4 1449.7 2243.6 3083.5 3970.3 4904.3 5885.3 6913.8 7990.1 9114.0 10286.6 11506.8 12774.9 14091.1 15454.8 16867.4 18327.8 1490.5 2303.7 3162.1 4066.9 5020.1 6019.1 7064.8 8157.6 9298.0 10486.0 11721.0 13006.0 14337.0 15718.0 17146.0 1533.0 2368.6 3250.0 4177.7 5151.9 6174.9 7243.7 8360.2 9524.6 10737.0 11998.0 13306.0 14661.0 16065.0 17517.0
334.58 660.82 747.04 905.19 1027.11 1058.08 1208.02 1224.08 1251.86 1334.31 1390.3 1420.39 1442.67 1507.65 1546.0 1635.19 1658.76 1739.98 1747.82 1781.9 1819.1 1832.9 1844.9 1877.2 1885.5 1903.8 1958.3 1964.7 1991.1 2148.4 2163.4 2168.7 2178.2 2183.45 2192.4 2249.6 2271.92 2304.3 2344.9 2421.2 2472.87 2493.3 2758.4 2882.3 2892.6 2900.7 3390.5 3508.6 3679.4 3982.6 4090.4 4172.7 4636.9 4642.5 4868.6 5249.0 5339.0 5589.9 5934.2 6035.8 6181.9 6349.9 6690.0 6754.5 6805.4 7160.7 7374.8 7513.0 7519.7 7772.0 8027.5 8138.3 8281.5 8335.9 8400.3 8723.4 8916.1 9188.9 9218.1 9349.6 9566.6 9646.4 9668.1 9693.9 10108.0 10156.5 10227.0 10358.4 10384.0 10446.0 10566.5 10628.9 11082.5 11119.8 11148.1 11318.7 11605.0 11829.8 11916.4 11924.6 12063.8 12064.0 12213.0 12408.9 12540.7 12773.5 12813.0 13056.6 13256.6 13311.5 13402.9 13877.0 14012.3 14134.4 14467.8 14728.2 14884.7 15944.7 16010.5 16357.0 17321.6 18620.4 18733.0 1450.7 2245.1 3085.7 3973.1 4906.6 5887.7 6915.9 7991.7 9115.5 10286.6 11505.3 12772.0 14087.1 15449.0 16859.2 18316.7 19820.4
39.384 86.767 132.195 136.32 154.48 202.413 224.532 225.285 234.33 240.196 247.791 325.406 349.002 351.106 375.401 381.8 382.89 408.533 423.33 436.4 440.341 448.98 456.218 483.73 557.55 569.11 577.0 644.0 657.5 702.73 745.2 752.7 894.0 897.3 902.06 1006.0 1032.0 1033.47 1151.6 1209.7 1217.75 1226.0 1420.0 1463.0 1534.0 1651.0 1701.0 1754.0 1993.0 2000.0 2013.0 2083.0 2171.0 2294.0 2359.3 2477.0 2602.0 2603.0 2689.0 2787.0 2913.0 2991.0 3014.2 3213.0 3243.0 3258.0 3306.0 3475.0 3484.0 3557.0 3713.6 3738.0 3834.0 3914.0 3953.0 4017.0 4181.0 4230.0 4318.0 4455.4 4474.0 4576.0 4637.0 4687.0 4866.0 4977.0 5014.0 5159.0 5239.0 5291.0 5335.0 5461.0 5610.0 5710.0 5898.0 6063.0 6068.0 6102.0 6277.0 6404.0 6510.0 6686.0 6893.0 6930.0 6944.0 7240.0 7369.0 7507.0 7778.0 7818.0 7871.0 8108.0 8283.0 8696.0 8759.0 8850.0 9007.0 9253.0 9624.0 9755.0 9884.0 9964.0 10277.0 10519.0 10807.0 10972.0 11447.0 11972.0 12983.0 14041.0 15160.0 1862.1 2860.2 3905.2 4996.1 6133.4 7317.0 8546.7 9823.0 11145.8 12514.4 13929.4 15390.5 16897.8 18449.6
137.83 404.18 675.89 770.58 828.71 890.79 1022.33 1088.51 1168.67 1215.69 1219.21 1293.33 1335.83 1368.84 1437.61 1447.38 1518.82 1525.23 1526.18 1529.44 1610.0 1627.65 1725.02 1728.79 1801.43 1809.97 1858.64 1898.64 1944.58 1958.64 2006.63 2089.55 2169.08 2186.58 2191.62 2216.83 2261.62 2285.88 2307.79 2315.59 2345.5 2408.2 2409.64 2448.03 2476.42 2514.06 2517.55 2580.4 2592.5 2636.55 2637.83 2661.2 2700.91 2706.87 2709.1 2712.37 2803.05 2818.9 2822.2 2847.5 2887.82 2933.51 2942.3 2992.31 2997.23 3021.0 3065.88 3071.76 3103.5 3154.2 3161.64 3177.36 3221.2 3273.5 3308.9 3404.72 3412.1 3430.14 3444.6 3444.92 3498.8 3501.7 3523.3 3596.3 3646.53 3675.0 3689.9 3719.6 3806.9 3953.7 3962.2 4026.0 4157.7 4178.1 4236.4 4330.9 4533.6 4563.2 4635.6 4771.0 4846.0 4858.9 4978.6 5170.5 5200.6 5320.1 5428.0 5507.5 5572.9 5855.1 5874.1 6070.0 6129.1 6214.0 6328.6 6582.3 6590.4 6876.6 6877.8 6964.1 7130.2 7350.4 7359.0 7672.4 7738.7 7760.5 7978.4 8165.3 8180.0 8516.8 8606.1 8650.7 8875.8 9032.8 9051.7 9407.2 9502.6 9611.2 9825.1 9953.1 9973.6 10340.4 10449.8 10617.9 10828.2 10925.8 10944.5 11313.2 11444.1 11670.5 11886.8 11947.0 11957.1 12326.5 12452.3 12769.2 13014.8 13043.7 13386.5 13470.5 13885.0 14021.8 14044.9 14115.0 14191.6 14495.7 14530.8 14532.2 15061.4 15190.4 15234.8 15369.8 15634.5 16171.0 16328.5 16831.3 17348.8 17388.6 18013.0 19087.5 20329.5 21665.2 1024.0 1592.7 2196.6 2851.0 3568.9 4348.9
61.14 147.724 161.99 188.035 199.38 211.173 234.651 238.8 257.577 297.2 308.0 341.118 375.0 400.93 401.16 419.929 428.43 435.7 455.9 508.22 511.8 518.56 525.3 526.9 548.2 570.8 611.22 628.87 688.11 746.8 749.7 784.7 844.4 896.57 920.6 990.12 1016.4 1157.5 1174.5 1211.13 1262.9 1281.6 1359.9 1380.24 1522.1 1652.7 1792.0 2219.0 2844.9 3521.3 4241.9 5004.2 5809.0 6658.0 7552.0 8491.0 9476.0 10508.0 11590.0 12722.0
98.918 317.139 637.712 946.32 990.53 1043.89 1044.596 1085.58 1163.75 1280.0 1314.78 1371.73 1397.17 1441.75 1477.0 1486.35 1501.12 1513.54 1518.45 1520.1 1528.07 1547.32 1607.99 1618.54 1634.54 1671.64 1675.84 1710.32 1818.79 1840.15 1851.97 1892.8 1895.16 1920.43 1940.75 1975.75 2021.93 2048.9 2055.42 2096.6 2107.68 2153.62 2208.8 2211.1 2362.2 2382.46 2388.79 2409.57 2409.7 2436.52 2477.5 2518.7 2528.2 2538.55 2605.96 2612.3 2644.53 2672.33 2807.2 2886.9 2989.33 3190.4 3217.2 3237.0 3368.9 3530.22 3547.77 3582.33 3699.7 3781.4 3903.3 4243.1 4407.2 4490.5 4838.9 5085.3 5127.3 5483.5 5810.9 5820.0 6176.0 6541.9 6612.6 6920.0 7454.0
56.626 136.435 177.614 208.988 235.855 239.424 309.593 328.1 352.77 361.07 365.36 395.266 497.56 505.012 515.47 543.37 575.77 666.98 699.7 831.95 860.26 879.08 903.0 1016.237 1041.8 1075.839 1090.604 1125.0 1153.664 1201.921 1228.5 1272.9 1274.2 1286.92 1363.6 1370.684 1617.6 1750.6 1775.8 1796.8 2303.2 2356.7 2922.3 3004.1 3599.6 4326.7 5096.4
86.7882 283.8236 581.18 966.1738 966.85 1049.108 1155.815 1264.754 1279.8 1285.59 1286.695 1288.67 1349.62 1358.673 1386.439 1398.942 1408.8 1428.72 1438.34 1443.7 1489.35 1518.76 1522.4 1535.157 1556.6 1586.6 1594.4 1607.9 1614.1 1617.4 1642.0 1651.0 1653.4 1670.3 1676.2 1694.37 1703.2 1720.2 1726.9 1757.2 1786.5 1787.3 1801.2 1802.19 1804.83 1860.1 1869.9 1882.7 1901.2 1903.2 1928.97 1951.5 1953.2 1954.3 1960.4 1978.3 2009.6 2012.1 2022.0 2068.2 2074.2 2084.96 2096.84 2112.8 2126.4 2138.14 2163.0 2175.3 2222.8 2242.6 2264.7 2265.2 2271.3 2287.5 2328.46 2469.5 2486.9 2503.9 2515.0 2520.3 2521.0 2524.0 2630.9 2661.4 2667.5 2674.9 2698.0 2700.9 2717.8 2720.1 2734.8 2765.2 2816.6 2858.4 2861.1 2875.9 3061.1 3091.7 3111.5 3149.8 3452.1 3454.9 3672.2
25.65136 43.8201 74.56668 100.4033 103.0623 131.7587 184.23 201.0872 212.952 267.44 314.9397 320.69 366.9749 406.99 418.2337 451.432 457.23 508.1 550.2535 567.9423 607.5814 609.8315 628.234 633.1673 678.3226 696.078 699.1395 718.6 730.913 772.18 772.7285 777.1272 790.648 800.51 804.388 825.7155 826.1 849.26 857.502 858.7919 867.869 873.091 878.49 899.01 922.326 1067.106 1071.263 1098.224 1118.3 1178.326 1186.683 1206.933 1221.8 1268.967 1302.92 1357.936 1379.342 1401.112 1601.4 1692.7 2161.2 2233.9 2237.0 2250.0 2346.0 2740.0 2748.0 2753.0 2775.0 2812.0 2820.0 2838.0 2849.0 2864.0 2905.0 2994.0 3113.0 3155.0 3644.0
80.6598 265.6628 548.5184 888.1589 920.5 962.937 1060.986 1148.227 1182.76 1210.084 1275.768 1297.001 1324.457 1357.923 1374.8 1390.507 1398.035 1408.33 1453.463 1485.666 1490.38 1518.421 1530.137 1535.661 1570.907 1574.289 1575.609 1634.41 1637.09 1637.19 1666.08 1669.079 1670.42 1683.52 1691.335 1728.313 1738.993 1745.71 1751.878 1755.094 1766.603 1767.5 1783.19 1807.5 1826.748 1833.484 1840.481 1845.8 1851.805 1863.722 1878.1 1887.332 1888.0 1895.207 1901.3 1904.042 1910.423 1913.327 1939.6 1949.84 1951.385 1959.3 1963.592 1972.917 1982.107 1985.8 1999.073 2008.9 2053.83 2070.7 2080.21 2087.4 2101.1 2104.47 2111.0 2119.77 2127.3 2128.6 2128.77 2149.53 2163.83 2188.4 2190.8 2234.6 2261.8 2280.86 2320.1 2331.8 2337.6 2371.3 2394.86 2481.2 2492.0 2504.5 2513.6 2517.0 2532.4 2535.6 2569.8 2593.7 2670.8 2682.7 2724.8 2778.1 2815.0 2859.6 2900.0 2911.0 2928.9 2955.4 2965.0 3061.2 3132.0 3138.0 3145.0 3181.0 3838.0
73.4448 167.3394 250.8895 281.5717 285.5955 336.5441 351.1497 389.7532 412.382 415.24 421.844 427.6801 475.3884 514.5522 553.0197 568.71 587.9293 646.249 711.4718 718.27 737.6586 740.0 766.2075 781.0994 793.3941 801.312 820.7956 851.124 859.287 883.0139 884.2945 915.6575 930.91 935.142 946.003 949.3369 1049.072 1055.758 1058.468 1084.349 1129.759 1135.494 1137.11 1147.455 1160.547 1196.051 1202.529 1253.16 1258.214 1277.172 1363.59 1430.239 1439.054 1483.263 1489.104 1501.665 1529.326 1585.25 1601.34 1615.113 1692.7 1834.9 1858.3 1874.13 1942.0 1950.771 2104.0 2109.4 2135.1 2180.0 2197.0 2213.0 2222.0 2242.9 2270.1 2339.2 2349.5 2361.2 2432.5 2459.8 2471.6 2472.0 2475.4 2525.3 2542.0 2562.2 2566.0 2583.3 2587.0 2606.9 2615.6 2627.7 2648.0 2728.4 2755.3 2835.4 2872.1 2912.0 2918.0 2958.0 2967.0 2976.0 2978.1 2996.9 3037.0 3045.0 3048.0 3057.0 3067.1 3087.0 3099.0 3104.7 3107.0 3119.1 3182.2 3217.2 3230.6 3314.7 3335.0 3353.0 3497.2 3612.8 3737.9 3884.3 4740.1 4928.2
73.392 242.231 501.322 761.82 828.19 843.68 916.0 976.89 1024.64 1039.3 1122.77 1155.75 1225.14 1261.3 1302.6 1393.7 1470.5 1587.82 1607.7 1655.2 1655.4 1674.7 1686.4 1716.2 1725.3 1738.1 1745.9 1757.6 1770.2 1773.0 1779.5 1797.4 1808.8 1840.7 1854.2 1859.0 1892.6 1910.8 1920.6 1932.4 1933.0 1949.0 1952.8 1978.9 1998.23 2015.2 2050.0 2052.8 2157.54 2173.16 2194.66 2205.63 2247.6 2289.6 2312.5 2314.2 2330.0 2412.0 2530.8 2539.1 2577.9 2653.0 2671.0 2694.0 2752.8 2828.0 2832.2 2862.0 2886.0 2986.0 2990.0 3001.6 3005.5 3014.2 3027.0 3070.0 3111.1 3159.1 3173.6 3185.0 3228.0 3231.0 3270.0 3279.0 3293.0 3316.0 3365.0 3414.0 3528.7 3603.0 3621.0 3667.0 3695.0 3704.0 3718.0 3754.0 3765.0 3785.0 3836.0 3853.0 3868.0 3877.0 3914.0 3987.0 4212.3
83.396 108.16 158.591 180.927 184.255 186.093 261.776 297.696 337.171 360.627 480.07 520.49 533.5 538.627 570.25 573.56 584.0 605.09 607.64 628.83 648.969 657.99 705.91 737.86 911.95 1015.93 1080.04 1103.034 1108.05 1158.38 1166.79 1218.37 1337.1 1400.08 1591.77 1648.25 1755.3 1773.1 1813.7 1828.6 1874.4 1942.5 1965.2 1972.1 2006.9 2087.1 2107.5 2159.3 2177.4 2183.4 2189.0 2270.8 2476.1 2546.8 2609.2 2705.7 2764.8 2783.3 2793.4 2852.7 2874.7 2942.7 2982.8 3013.6 3051.2 3123.7 3193.4 3256.3 3379.0 3421.5 3443.1 3454.8 3474.0 3539.7 3586.7 3650.7 3848.4 3978.2
76.587 253.528 526.967 857.163 928.728 1023.434 1029.902 1095.209 1141.276 1180.855 1189.385
57.2 69.7 97.8
74.96 227.03 248.33
