141 169
77.8 169.1 277.7 386.7 499.6 623.2 978.1 1062.5 1565.4 1595.5 2333.1 3165.7 4084.6



486.9 1147.1 1894.2 2681.6


141.7 244.0 315.3 429.3 512.7 525.0 609.5 924.9 1311.8 1636.8 2121.8 141.5 321.3 694.4
220.3 564.2 1001.0 1171.1 1183.7 1277.1 1380.1 1415.0 1530.9 1552.1 1560.1 1601.9 1648.9 1706.9 1735.3 1765.8 1797.4 1828.9 1997.5 2025.0 2071.9 2135.0 2148.7 2177.5 2209.1 2221.9 2226.8 2267.3 2287.0 2297.3 2317.6 2321.7 2326.8 2368.3 2381.3 2409.0 2449.8 2469.4 2492.6 2499.4 2512.5 2580.4 2591.4 2594.0 2607.4 2633.3 2677.1 2714.8 2738.0 2804.5 2825.0 2851.2 2901.7 2913.6 2935.7 2939.3 2965.5 2977.8 2992.3 2996.6 3001.1 3005.0 3049.0 3061.0 3125.3 4413.5 4441.4 4652.1 4661.7 4699.7 4706.1 5079.2 5098.7
130.0 476.2 1016.8 1152.0 1450.8 1490.3 1896.0 2159.6 2335.0 2788.6 3047.0 3101.6 3231.2 3327.2 3425.4
141.1 397.6 638.4 666.9 699.9 789.5 861.7 869.1 910.0 934.6 1001.6 1129.0 1202.1 1279.9 1377.9 1387.1 1541.3 1564.2 1684.3 1791.1 1832.9 1861.1 1946.9 2098.4 2227.2 2615.4 2851.4 2880.1 3144.3 3155.3 3314.4 3522.6 3623.9 3970.0 4109.8 4355.8 4561.6 4811.4 5293.5 5578.2 5642.5 5835.8 5875.2 6183.9 6225.3 6513.6 6522.6 6534.5 6659.7 6805.6 6850.4 6907.3 7071.1 7099.1 7128.7 7192.3 7326.3 7754.2 8025.4 8340.8 8651.6 9053.4 9531.8 9958.6
179.4 219.71 576.22 706.01 919.43 1345.63 1503.44 1631.88 1968.66 2025.47 2236.21 2285.49 3019.59 3104.9 3456.9 3531.22 3848.3 4079.93 4235.01 4270.01 4298.82 4481.6 4484.9 4685.62 4883.75 5696.9 5748.9 5892.4 5971.1 5997.9
256.7 351.2 398.4 576.0 634.2 706.1 727.0 814.8 926.6 1091.0 1150.6 1207.0 1359.0 1646.0 1700.1 1800.6 1873.0 2002.0 2030.0 2125.0 2203.0 2297.0 2358.0 2736.0 2772.0 3209.0 3686.0 4316.0 4679.0 5134.0 5771.0 6076.0 6176.0 6518.0 6673.0 6938.0 7403.0 7407.0 7598.0 7933.0 8934.0 9074.0 9871.0 10200.0 10260.0 10603.0 10912.0 11304.0 11680.0 12121.0 12477.0 1347.1 2087.1 2871.1 3701.7 4577.3 5499.6 6469.1 7484.0 8543.9 9647.0 10791.4 11971.7 13187.2 14438.3 15733.5 17076.0 18466.0 1474.0 2282.4 3136.5 4036.8 4983.4 5976.5 7017.8 8105.4 9239.1 10421.4 11651.0 12929.4 14255.6 15632.6 17058.0 1340.3 2066.6 2837.4 3653.7 4515.0 5421.9 6375.2 7371.6 8417.7 9510.4 10653.7 11848.6 13096.0 14393.4 15744.0
26.9 285.0 339.0 521.0 813.0 854.0 890.0 1096.0 1198.0 1375.0 1454.0 1476.0 1686.0 1728.0 1972.0 2186.0 2231.0 2301.0 2384.0 2438.0 2640.0 2740.0 3060.0 3072.0 3396.0 3453.0 3637.0 4067.0 4413.0 4550.0 4633.0 4926.0 5089.0 5170.0 5435.0
110.16 141.97 201.0 230.28 233.94 241.44 344.94 388.95 418.98 451.12 470.64 518.8 529.48 538.1 565.2 582.8 653.05 682.88 1001.5 1017.9 1561.3 1605.5 1647.2 2129.8 2189.5 2265.6 2464.9 2644.3 2730.9 2858.9 2918.2 2978.3 3065.7 3263.3 3399.9 3490.6 3651.6 3658.8 3839.5 3906.1 4121.4 4211.5 4278.9 4490.6 4493.6 4602.5 4838.0 4876.9 5167.0 5215.8 5394.0 5547.0 5712.1 5933.0 6059.2 6169.7 6342.2 6774.5 6845.5 7195.1 7294.0 7680.9 8041.4 8224.7 8243.1 8488.1 8516.1
52.2 82.1 87.5 215.6 268.1 434.1 344.57 474.04 572.77 738.08 950.44 1105.34 1145.0 1249.78 1533.26 1711.1 1735.0 1859.72 2204.14 2367.0 2552.17 2947.7 3042.0 3315.81
53.05 66.91 83.58 150.6 174.55 188.07 203.54 228.09 271.09 355.51 358.03 374.53 375.93 391.32 408.13 482.29 503.8 525.5 527.82 531.54 549.15 566.55 570.39 573.41 584.07 610.06 654.38 661.79 749.26 786.65 832.52 873.32 910.1 927.98 1002.31 1070.41 1179.55 1195.92 1203.37 1238.03 1275.9 1327.79 1342.43 1403.41 1440.72 1487.21 1489.1 1569.49 1593.17 1695.56 1799.38 1822.0 1852.09 1861.8 1876.32 2022.3 2023.6 2036.7 2055.77 2156.9 2160.08 2270.26 2367.56 2369.52 2405.39 2412.69 2453.92 2513.51 2554.72 2573.54 2589.6 2654.08 2692.78 2696.69 2720.92 2740.28 2852.84 2903.46 2927.89 2995.75 3015.56 3076.66 3142.44 3164.2 3173.17 3219.64 3242.37 3350.2 3406.9 3408.33 3457.17 3478.95 3695.03 3708.52 3710.73 3720.94 3741.97 3822.9 3994.5 4000.34 4003.71 4017.51 4310.32 4311.39 4330.68 4334.62 4340.14 4512.6 4616.06 4632.48 4643.85 4673.67 4684.17 4951.27 4977.44 4993.44 5029.42 5031.9 5234.2 5290.98 5315.2 5363.17 5399.3 5418.3 5655.6 5677.6 5760.48 5763.8 5777.0 5986.8 6025.68 6045.4 6163.1 6176.6 6178.96 6416.99 6451.4 6530.4 6557.3 6603.34 6782.3 6814.65 6844.4 6961.0 6970.8 7073.22 7231.33 7302.7 7336.1 7377.7 7511.77 7621.4 7654.79 7715.2 7808.3 7810.6 8044.23 8097.5 8193.6 8232.9 8252.5 8470.4 8510.4 8546.1 8658.8 8708.2 8713.6 9015.5 9080.1 9108.6 9192.5 9228.0 9447.84 9449.3 9489.9 9670.7 9688.4 9984.6 10078.8 10149.9 10203.4 10264.9 10396.64 10439.8 10487.2 10683.3 10734.9 11002.0 11088.3 11189.4 11280.6 11412.5 11482.5 11537.0 12055.6 12306.6 12566.4 12636.2 13108.4 13369.6 14507.8 15875.7
67.2 91.58 137.5 139.109 156.9 182.498 227.8 233.04 328.4 377.931 386.09 390.3 425.41 433.4 443.5 454.05 602.8 654.99 768.9 982.7 1204.6 1460.5 1737.9 2024.3 2354.9
97.45 165.89 205.91 212.68 218.8 252.63 298.0 312.3 340.8 369.3 424.33 520.48 536.6 580.8 591.9 624.51 649.14 671.24 740.2 775.6 798.3 815.0 940.5 945.0 1102.8 1198.1 1355.4 1360.0 1368.4 1398.4 1431.4 1468.7 1491.6 1493.0 1495.7 1558.3 1680.0 1689.3 1726.9 1779.6 1859.2 1891.1 1901.6 1960.0 1982.1 2001.8 2091.1 2305.3 2395.9 2501.1 2574.6 2893.2 3160.7 3708.1
59.98 67.11 107.27 118.44 169.61 232.9 242.55 336.11 376.47 389.54 451.54 536.96 586.44 629.22 708.3 746.2 886.82 924.54 1128.0 1161.23 1352.88 1449.37 1594.71 1749.79 1868.57 2059.71 2141.29 2464.67 2761.01 3133.13 3445.74 3858.1 4184.5 4985.0 238.51 401.77 578.71 795.06 1019.96 1284.11
99.63 211.16 221.95 222.44 252.68 298.67 316.57 353.29 368.1 370.77 373.29 423.92 446.83 458.88 463.25 511.77 519.57 525.93 534.45 554.12 579.51 583.86 592.67 598.83 649.03 674.51 710.6 726.41 732.97 760.47 788.14 821.07 826.61 857.29 906.87 920.71 931.63 1059.54 1084.43 1096.04 1137.16 1167.28 1210.87 1232.86 1240.08 1278.3 1311.82 1325.2 1394.48 1396.95 1404.21 1404.35 1457.67 1461.56 1465.63 1488.34 1491.18 1514.06 1524.64 1640.46 1656.65 1674.4 1675.32 1678.37 1691.4 1714.81 1740.43 1745.91 1762.2 1776.44 1786.42 1817.97 1829.97 1848.0 1868.7 1926.93 1938.67 2032.76 2250.77 2316.7 2512.0 3080.9 3625.7
38.3 96.1 106.0 171.7 176.0 179.9 266.0 271.3 377.0 385.3 507.0 657.0 827.0 1017.0 1225.0 1456.0
100.03 222.22 297.88 307.64 360.36 366.65 392.07 431.18 439.94 440.51 471.25 500.38 528.24 531.79 552.05 578.23 587.56 612.8 614.29 652.06 664.01 688.08 719.56 795.44 810.33 844.69 876.0 881.92 924.44 964.76 978.96 1025.6 1092.81 1113.57 1154.01 1154.65 1220.1 1266.3 1363.8 1393.53 1457.7
37.34 93.98 139.77 166.0 188.6 203.8 261.0 297.3 342.8 429.9 452.6 581.0
94.7 209.804 345.0 361.68 419.54 429.39 449.26 491.04 499.2 515.472 539.01 566.83 589.8 601.3 638.1 672.7 681.2 688.5 702.0 715.33 730.1 744.0 790.8 802.3 820.0 820.11 842.2 863.0 945.7 955.6 968.9 973.7 995.09 1037.5 1055.76 1066.7 1069.0 1079.63 1094.3 1129.6 1140.36 1186.6 1195.7 1236.0 1247.7 1291.0 1314.0 1338.3 1376.0 1409.8 1416.4 1479.7 1483.2 1534.0 1547.0 1573.9 1591.7
54.2399 82.4716 137.746 171.0762 180.47 190.9052 260.6665 263.7921 295.111 329.78 348.261 371.992 373.09 377.812 416.086 419.73 421.0 426.013 430.039 453.778 464.506 470.851 475.694 481.855 514.4 522.028 543.679 547.964 557.696 558.569 562.896 567.618 577.218 588.118 592.504 597.023 598.272 605.049 628.43 634.325 638.306 654.835 658.02 658.299 662.151 668.012 671.755 683.849 693.385 704.723 719.353 721.07 725.482 736.466 742.021 757.618 758.733 769.786 791.785 803.36 806.712 807.32 815.144 820.65 824.55 832.233 860.55 867.29 870.167 876.38 880.64 885.39 891.132 905.28 925.162 946.634 951.207 961.05 973.4 979.542 984.36 1006.83 1010.66 1023.361 1030.352 1061.755 1071.6 1087.87 1090.0 1097.43 1114.647 1144.1 1234.9
259.34 319.75 392.48 409.97 569.69 922.0 1099.5 1149.0 1168.8 1240.6 1664.9 1919.0
59.0 143.4 187.2 192.6 630.4
1578.2
