148 172
646.6 1524.0 2254.3 2526.9 2537.3 2706.0 2784.4 2915.5
111.3 741.8 907.4 1066.2 1482.9 2311.6 2478.9 2542.2 2611.1 2683.7 2863.7 3187.6 3242.7
1578.87 1786.38 2260.9 2294.4 2621.2 2633.3 2733.8 2797.0 2854.0 2995.5 3187.0 3774.0 4000.7 4243.3 4438.0 4490.7 4884.6 4927.4 5222.2 6359.3 6928.4 7153.4 7332.9 7372.4 7937.1 8483.4 9148.9 9509.0
801.6 984.1 1140.2 1206.2 1496.4 1511.5 1548.6 1683.6 1720.9 2032.4 2075.3 2165.1 2174.4 2212.7 2239.1 2313.6 2329.6 2449.4 2451.1 2527.8 2585.5 2611.3 2621.5 2776.2 2874.8 2916.7 2921.4 2966.0 3031.2 3037.3 3051.0 3094.1 3110.0 3212.5 3270.5 3288.3 3341.0 3685.4 3766.8 3901.0 4189.2 4454.6 4617.5 4751.6 5129.6 5803.8 6131.3 6547.4 6663.7 6771.3 7440.7 8015.4 8379.7 9045.6 9391.4 10286.0
808.27 1480.88 1524.18 1715.36 1903.38 2183.28 2947.7 3735.2 4289.5 4519.7 4536.4 4685.4 5081.1 5415.6 5460.3 5635.7 5811.5 5967.2 6037.3 6177.0 6408.0 6477.5 6487.5 6555.7 6734.5 6756.5 6838.3 7012.3 7119.5 7449.3 8113.7 8234.1 8351.1 8490.7 8515.2 8528.7 8660.7 8691.9 8864.4 9680.9 9712.9 9726.2 10084.0 10307.3 10395.3 10549.2 11122.4 11400.6 12122.1 13030.3 13387.9 14945.7
266.5 299.3 765.7 970.9 1011.9 1110.9 1132.7 1497.5 1699.0 1725.0 1731.1 2039.3 2194.0 2378.1 2751.5 2908.9 2946.4 2949.1 3312.2 3331.2 3509.6 3605.4 3892.6 3997.7 4077.6 4202.8 4496.0 4780.5 4797.3 4845.0 5201.1 5932.8 6110.4 6291.0 6806.1 7207.0 7337.0
560.8 1162.2 1787.6 1896.0 2329.5 2461.0 2583.6 3014.0 3016.0 3025.0 3655.0 3830.0 4274.0 4499.0 4531.0 4678.0 5006.0 5328.0 5462.0 6063.0 6087.0 6289.0 6575.0 6745.0 7015.0 7334.0 8009.0 8106.0 8310.0 8658.0 8669.0 9294.0 9475.0 9480.0 9589.0 9843.0 10108.0 10150.0 10429.0 11354.0 11504.0 11621.0 11660.0 11889.0 11897.0 13209.0 13500.0 13950.0 14000.0 14269.0 14382.0 14676.0 14921.0 16030.0 1430.71 2207.92 3032.37 3907.13 4834.58 5814.46 6847.0 7932.7 9070.6 10261.6 11504.5 12804.9 14154.4 1533.56 2367.0 3246.1 4171.6 5143.8 6162.1 7227.7 8340.3 9499.1 10706.3 11959.7 13260.2
88.07 151.63 226.74 323.14 398.63 467.0 531.72 563.22 584.47 595.1 606.75 760.0 959.6 1038.6 1057.0 1430.9 1572.8 1917.2 2169.2 2574.1 2838.2 3354.1 3557.1 4093.7 4219.3 4288.1 4445.3 4788.0 4816.9 4928.2 5013.6 5480.2 5495.1 5787.1 6224.2 6249.8 6889.1 6976.8 7112.3 7672.1 7854.0 8009.1 8397.3 8664.8 8833.7 9011.0 9046.2 9165.3 9353.6 9462.0 9654.9 9865.4 10048.2 10061.0 10611.6 10842.3 11033.6 11322.7 11703.4 12304.1 12999.0 13875.0
344.51 797.38 930.35 930.46 1220.8 1243.02 1303.52 1304.8 1340.88 1351.31 1381.9 1406.1 1517.89 1546.72 1570.74 1611.68 1630.5 1663.4 1710.52 1814.48 1836.2 1860.8 1909.54 1959.2 2014.6 2031.0 2169.8 2206.1 2249.81 2491.4 2603.1 2634.7 2905.2 2925.4 3082.6 3317.2 3386.5 3434.4 3441.7 3675.1 3839.8 3956.8 4038.4 4066.1 4312.3 4384.9 4596.6 4715.0 4786.1 5004.3 5010.5 5301.0 5342.2 5499.8 5678.8 5721.5 5791.8 5935.4 6062.3 6265.6 6361.1 6441.1 6494.5 6667.5 6744.9 6872.3 7058.7 7115.2 7322.3 7420.1 7448.6 7497.1 7607.5 7655.2 7984.9 8087.7 8106.8 8215.6 8297.3 8331.0 8400.3 8854.5 8873.0 8908.6 8971.9 9073.8 9204.9 9295.0 9654.2 9700.4 9871.0 10115.9 10189.9 10421.1 10516.5 10539.5 10934.8 11103.6 11338.8 11460.5 11586.3 11824.2 11983.0 12043.0 12431.2 12676.1 13066.3 13211.3 13876.5 14044.0 14431.9 15489.4
10.3 36.17 110.38 155.4 206.1 241.53 357.9 360.6 367.63 381.01 400.78 455.0 559.23 608.1 685.41 689.2 753.06 799.68 515.0 681.27 893.7 1029.0 1029.8 1208.64 1307.1 1486.9 1518.4 1561.2 1729.5 1831.4 1924.21 2171.9 2244.6 2395.7 2402.55 2500.4 2534.57 2649.6 2664.0 2842.4 2847.0 2916.52 3068.0 3200.5 3300.77 3328.8 3491.25 3525.3 3613.6 3830.5 3921.7 4104.3 4143.1 4253.7 4263.2 4546.4 4601.5 4871.3 4913.4 4971.7 5013.8 5345.2 5350.1 5672.6 5719.5 5752.2 5797.0 6158.0 6173.2 6501.5 6512.0 6581.2 6654.2 7006.0 7012.2 7305.5 7345.9 7577.8 7821.9 8097.4 8261.0 8548.1 8612.2 8973.8 9218.8 9480.1 9926.2 10053.6 10375.1 10652.0 10866.8 10908.4 11133.0 11165.0 11314.6 11543.0 11631.1 11724.0 11992.0 12035.4 12301.3 12764.0 12884.0 12947.3 13021.0 13226.6 13868.3 13876.5 14118.0 14682.9
192.15 527.22 806.38 820.12 970.34 989.08 1043.39 1183.78 1210.56 1257.28 1304.94 1341.93 1386.9 1417.55 1418.25 1426.79 1438.22 1489.45 1493.47 1526.27 1570.21 1589.02 1614.45 1630.22 1640.84 1674.01 1686.97 1697.94 1700.12 1742.57 1769.6 1809.07 1834.64 1853.0 1913.14 1977.45 2018.68 2029.25 2059.68 2072.53 2143.59 2228.8 2272.97 2305.15 2333.48 2368.33 2389.6 2431.57 2487.38 2569.96 2673.63 2680.79 2731.27 2760.68 2881.47 2954.66 3017.7 3154.8 3190.51 3304.5 3374.29 3474.8 3663.26 3695.4 3906.5 4026.1 4103.7 4229.54 4329.5 4674.0 4812.8 4888.43 5021.8 5373.4 5538.2 5628.85 5739.3 6219.7 6434.6 6475.8 7249.2 7280.2 8069.8 8138.6 8933.6 9014.2 9456.0 9474.0 9820.0 9920.4 10281.0 10336.0 10716.8 10879.5 11216.0 11234.0 11637.3 11898.6 12172.0 12232.0 12601.2 12957.8 13157.0 13169.0 13621.6 13784.8 14153.0 14183.0 14694.8 15059.0 15194.0 15363.0 15683.8 15873.0 16090.0 16357.0 16507.0 17013.0 17061.0 17121.0 17367.0 17659.0 18001.0 18131.0 18345.0 18810.0 18869.0 20143.0
59.18 144.11 182.53 220.2 226.0 258.04 271.28 302.28 306.99 348.1 362.0 428.75 435.0 449.01 467.8 554.97 565.42 574.0 590.0 615.82 616.9 716.89 785.0 790.4 834.0 890.31 961.0 963.48 990.0 990.8 1050.09 1190.95 1250.0 1317.96 1447.0 1479.0 1714.0 1807.0 2012.0 2025.0 2088.0 2260.0 2400.0 2433.0 2474.0 2520.0 2552.0 2582.0 2662.0 2675.0 2694.0 2875.0 2912.0 3099.0 3109.0 3110.0 3147.0 3200.0 3346.0 3380.0 3439.0 3632.0 3695.0 3735.0 3818.0 3864.0 3913.0 4065.0 4128.0 4238.0 4353.0 4422.0 4552.0 4557.0 4585.0 4786.0 4903.0 4906.0 5075.0 5194.0 5243.0 5337.0 5587.0 5614.0 5851.0 5964.0 6027.0 6167.0 6348.0 6438.0 6670.0 6712.0 6884.0 7042.0 7113.0 7295.0 7501.0 7536.0 7754.0 7928.0 7947.0 8161.0 8346.0 8441.0 8665.0 8805.0 8872.0 9073.0 9255.0 9359.0 9633.0 9748.0 9826.0 10047.0 10232.0 10308.0 10660.0 10757.0 10822.0 11091.0 11274.0 11302.0 11746.0 11829.0 11866.0 12199.0 12348.0 12383.0 12892.0 12953.0 12962.0 13325.0 14015.0 14100.0 14114.0 14433.0 15020.0 15266.0 15345.0 15536.0 15961.0 16607.0 16620.0 16680.0 17888.0
125.8 389.9 765.6 854.4 893.6 987.2 1007.6 1128.6 1229.3 1230.3 1316.7 1375.0 1390.0 1395.5 1494.4 1505.7 1536.0 1576.0 1586.2 1638.0 1652.2 1743.0 1757.0 1761.1 1894.3 1908.0 2104.0 2150.0 2151.0 2194.5 2244.0 2249.1 2294.1 2326.0 2340.3 2520.0 2530.0 2533.0 2756.0 2802.0 2876.0 2932.6 2980.0 3025.0 3123.0 3315.0 3317.0 3364.0 3466.5 3485.0 3633.0 3657.0 3832.0 3970.0 4021.9 4048.0 4291.0 4330.0 4406.0 4663.0 4665.0 4704.0 4973.0 5020.0 5100.0 5326.0 5385.0 5512.0 5680.0 5713.0 5940.0 6031.0 6178.0 6383.0 6397.0 6513.0 6788.0 6839.0 7032.0 7182.0 7311.0 7339.0 7608.0 7793.0 7933.0 8030.0 8182.0 8290.0 8483.0 8796.0 8870.0 8924.0 9041.0 9322.0 9389.0 9831.0 9838.0 9848.0 9945.0 10308.0 10400.0 10770.0 10815.0 10910.0 10948.0 11256.0 11513.0 11744.0 11826.0 12253.0 12770.0 12872.0 13308.0 13853.0 13960.0 14428.0 14994.0 15095.0 15617.0 16197.0 16282.0 16873.0 17461.0 17522.0 18182.0 18779.0 18805.0 19538.0 20111.0 20134.0 21443.0 21515.0 22788.0 454.0 708.0 982.0 1271.0 1575.0 1893.0 2244.0 2606.0 2983.0 3372.0 3781.0 4204.0 4644.0 5107.0 5586.0 6083.0 6599.0 7132.0 7683.0 8246.0 8824.0 9415.0 372.0 586.0 817.0 1063.0 1323.0 1594.0 1874.0 2162.0 2455.0 2759.0 3071.0 3390.0 3722.0 4067.0 4425.0 832.0 1327.0 1896.0 2506.0 3151.0 3847.0 4598.0
59.501 143.89 172.06 189.42 212.91 217.34 249.77 266.44 267.45 296.69 369.48 388.45 390.2 396.44 463.11 466.1 496.28 508.9 531.2 578.6 590.06 724.84 729.3 782.5 783.5 843.16 848.8 891.6 1006.4 1148.0 1208.4 1249.5 1301.6 1312.8 1481.2 1509.1 1632.0 1727.0 1772.4 1783.3 1849.5 1960.25 2044.6 2063.09 2066.89 2072.0 2150.6 2256.8 2326.2 2368.3 2476.5 2674.6 2775.6 2991.4 3168.5 3346.0 3708.2 3912.9 3976.8 4461.2 4671.3 4691.2 5247.0 5427.6 6077.0 6240.0 6957.0 7119.0 7556.0 7872.0 8040.0 8537.0 8806.0 8946.0 9496.0 9766.0 9899.0 10468.0 10766.0 10882.0 11470.0 11820.0 11913.0 12515.0 12929.0 12999.0 13608.0 14099.0 14144.0 14756.0 15330.0 15348.0 15960.0 16615.0 16625.0 17224.0 17947.0 17981.0 18551.0 19336.0 19401.0 19942.0 20790.0 20875.0 20908.0 21398.0 22274.0 22918.0 24500.0 26153.0 27779.0
102.04 329.61 666.64 900.73 1002.04 1087.16 1096.68 1128.1 1171.04 1286.21 1352.17 1356.77 1412.58 1420.45 1429.78 1459.57 1469.12 1500.49 1506.36 1542.64 1572.83 1602.82 1623.23 1669.12 1682.25 1712.18 1729.63 1761.24 1805.21 1856.69 1864.89 1872.65 1931.29 1974.74 1985.98 2025.55 2026.13 2061.35 2061.92 2114.1 2121.67 2133.77 2165.11 2192.09 2205.94 2242.2 2260.23 2318.67 2346.58 2368.19 2429.48 2449.75 2598.07 2603.8 2656.32 2664.46 2745.72 2751.8 2817.75 2841.98 2910.85 3039.8 3116.82 3132.5 3180.3 3267.6 3292.4 3293.2 3367.93 3389.17 3400.08 3414.67 3435.8 3518.0 3676.48 3689.6 3846.6 4463.2 7516.0 7623.0 8014.0 8418.0 8551.0 8934.0 9367.0 9508.0 9916.0 10328.0 10481.0 11470.0 12490.0 13553.0 14664.0 15832.0
69.23 83.96 91.55 104.32 120.35 164.42 189.7 199.3 247.0 249.53 319.7 345.62 359.8 404.0 411.9 439.54 445.5 462.48 464.0 466.1 496.2 526.33 531.07 540.56 574.08 616.5 619.36 639.6 655.3 664.86 683.75 717.39 735.0 735.38 777.1 779.63 809.7 820.6 840.5 856.22 963.29 985.67 1023.9 1032.3 1040.6 1059.75 1077.3 1163.1 1184.8 1214.3 1242.8 1258.3 1270.6 1281.16 1298.0 1352.8 1369.46 1473.9 1476.3 1479.8 1510.3 1511.2 1514.61 1529.6 1538.79 1569.8 1593.03 1607.5 1653.15 1681.1 1685.7 1717.2 1719.2 1722.39 1776.0 1781.4 1801.56 1826.49 1845.2 1853.54 1872.79 1917.48 1931.8 1934.9 1953.0 1957.9 1961.5 1982.4 2040.68 2044.1 2052.5 2066.9 2104.3 2122.21 2144.2 2167.6 2227.9 2243.21 2258.3 2271.0 2274.5 2291.4 2307.8 2314.0 2331.6 2368.1 2415.4 2418.0 2431.7 2448.2 2448.9 2460.9 2481.5 2523.7 2540.9 2542.1 2672.6 2682.7 2698.7 2741.8 2748.6 2772.7 2783.7 2890.5 2905.2 2908.7 2912.5 2928.3 2930.8 2965.0 2967.2 2969.0 2986.9 3009.2 3022.1 3074.0 3157.6 3214.4 3236.2 3274.5 3288.7 3299.1 3313.5 3339.1 3428.5 3430.2 3434.6 3469.4 3494.5 3511.9 3530.4 3530.6 3570.7 3624.2 3680.5 3707.8 3717.8 3758.3 3809.6 3858.2 3867.1 3893.0 3952.0 3968.7 4023.7 4024.8 4036.9 4067.6 4070.1 4149.9 4156.9 4159.3 4175.9 4292.5 4336.0 4346.5 4395.1 4438.6 4494.4 4496.0 4505.3 4529.5 4564.3 4588.5 4643.1 4683.5 4686.1 4700.1 4821.4 4825.1 4850.6 4856.4 4864.0 5017.1 5037.9 5089.0 5123.9 5182.8 5205.2 5218.9 5228.3 5305.0 5312.6 5372.2 5387.2 5403.5 5407.3 5427.7 5537.2 5553.3 5622.3 5633.4 5738.0 5744.9 5783.6 5802.7 5905.6 5988.2 5999.8 6034.7 6077.0 6108.5 6144.7 6146.4 6158.2 6174.1 6188.9 6287.8 6336.6 6426.6 6455.9 6463.2 6520.8 6562.4 6572.6 6682.4 6792.0 6807.3 6848.0 6914.3 6935.7 6947.0 6977.5 6988.6 7020.8 7088.2 7090.4 7173.5 7176.0 7322.9 7348.8 7351.8 7356.5 7413.5 7518.0 7573.9 7681.2 7733.7 7763.4 7831.9 7845.5 7856.7 7954.6 7988.3 8067.7 8080.2 8127.9 8195.9 8277.9 8306.3 8322.9 8420.1 8551.7 8636.8 8697.8 8745.1 8794.5 8847.7 8866.8 8986.9 9002.2 9106.0 9128.2 9212.9 9330.3 9352.3 9440.6 9607.8 9630.0 9779.6 9806.5 9816.1 9845.9 9909.4 10076.3 10183.2 10229.2 10299.9 10380.0 10440.1 10569.8 10732.0 10808.7 10824.9 10903.6 10909.0 11325.0 11377.5 11548.4 11713.7 11830.9 11870.0 12049.6 12699.4 12758.7 12881.5 13864.7 1076.5 1624.0 2236.0 2565.4 2915.9 3283.8 3671.4 4075.6 4495.4 4930.7 5393.7 5866.5 6357.7
91.38 299.43 614.37 860.25 946.4 1024.59 1058.48 1197.46 1246.04 1314.56 1358.68 1386.73 1416.56 1433.97 1469.7 1483.7 1494.8 1507.6 1518.06 1545.06 1555.3 1568.67 1577.83 1610.3 1631.5 1640.2 1664.18 1683.39 1702.1 1702.2 1706.6 1715.5 1726.1 1741.6 1744.48 1744.84 1763.8 1765.86 1788.35 1798.4 1806.0 1813.9 1833.41 1841.7 1845.49 1861.5 1875.2 1911.26 1929.0 1953.92 1960.5 1964.29 1969.6 1977.12 1984.98 2002.6 2005.4 2018.0 2022.5 2025.77 2032.1 2035.4 2046.0 2054.6 2068.9 2069.4 2082.1 2082.79 2090.96 2093.6 2108.54 2144.0 2151.0 2163.5 2168.2 2173.06 2184.26 2240.2 2254.64 2261.23 2278.33 2279.0 2337.3 2356.0 2363.2 2370.5 2404.0 2408.2 2416.0 2421.09 2444.51 2448.1 2462.7 2470.0 2479.44 2483.0 2519.2 2541.0 2577.0 2583.3 2592.0 2631.19 2640.0 2702.56 2733.3 2747.0 2762.0 2800.41 2815.2 2822.1 2823.3 2874.8 2933.0 2966.0 3018.0 3027.2 3028.8 3066.6 3078.9 3133.0 3179.0 3220.0 3244.3 3263.1 3267.0 3281.0 3302.9 3351.8 3376.1 3408.1 3411.2 3458.0 3518.6 3534.6 3541.0 3544.1 3551.0 3559.6 3602.0 3629.65 3733.1 3752.0 3760.0 3768.2 3768.6 3800.7 3804.9 3941.2 3944.0 4017.8 4105.6 4121.2 4167.9 4344.4 4345.7 4364.3 4384.9 4411.6 4590.0 4671.7 4702.0 4868.4 4946.7 4987.3 5000.1 5018.2 5230.5 5236.6 5349.9 5539.9 5651.5 5678.0 5704.1 5729.1 5856.2 6052.9 6185.0 6442.1 6525.2 6529.1 6814.9 6876.9 7238.1 7239.5 7399.1 7613.1 7640.9 7997.8 8095.1 8338.1 8395.1 8533.9 8802.4 9016.1 9224.1 9342.1 9491.9 9657.4 10001.1 10410.1 10515.0 11049.0 11549.0
47.156 62.676 77.254 97.955 167.5 175.86 238.5 242.935 296.0 296.123 297.366 356.517 372.7 384.322 463.8 477.764 507.416 519.135 534.564 551.0 589.76 589.868 605.5 608.498 678.3 706.6 745.968 769.8 853.54 882.5 920.632 962.46 999.86 1078.1 1080.2 1103.495 1153.3 1289.11 1339.6 1411.87 1416.66 1427.404 1528.11 1622.0
80.577 264.991 545.455 785.91 859.392 911.21 956.227 1075.278 1215.964 1349.64 1376.034 1458.158 1459.93 1513.744 1528.403 1555.741 1572.196 1596.237 1662.4 1665.776 1678.77 1692.277 1703.05 1721.7 1751.4 1760.9 1786.97 1813.2 1827.56 1830.46 1846.6 1865.17 1894.36 1897.27 1908.2 1917.759 1938.275 1964.09 1969.71 1978.426 1985.638 1992.7 2001.874 2021.359 2022.62 2031.5 2046.87 2073.2 2076.3 2082.6 2089.2 2092.3 2101.6 2117.8 2124.7 2132.947 2134.5 2144.6 2148.5 2160.124 2172.75 2189.1 2194.6 2201.1 2212.99 2215.974 2243.11 2246.3 2260.66 2264.31 2273.01 2282.68 2290.97 2328.5 2328.69 2352.91 2377.77 2382.26 2389.4 2393.13 2413.67 2428.0 2429.0 2435.13 2444.2 2464.52 2475.4 2479.3 2542.88 2586.07 2600.63 2613.5 2619.6 2624.8 2628.5 2632.66 2654.0 2656.0 2672.0 2679.06 2729.1 2783.69 2797.5 2812.0 2858.17 2880.0 2967.4
79.3221 177.97 207.801 264.874 281.574 294.953 346.554 413.272 430.028 434.447 441.979 531.54 535.8 573.76 587.375 591.79 640.25 645.21 662.48 667.9 683.31 711.06 745.32 752.72 763.46 772.687 790.97 801.64 810.1 810.52 812.0 812.48 828.32 845.27 856.47 873.06 878.4 894.74 932.97 942.95 954.53 954.99 966.03 979.8 998.73 1042.4 1053.2 1058.24 1058.96 1086.3 1110.4 1125.4 1135.32 1165.9 1171.1 1178.98 1194.2 1198.6 1206.0 1216.8 1227.21 1254.4 1299.1 1336.9 1368.8 1379.5 1384.39 1393.9 1422.7 1496.4 1545.4 1553.5 1641.1 1649.3 1662.0 1698.6 1712.1 1754.8 1782.2 1816.5 1818.8 1837.0 1901.9 1948.2 1994.7 2202.0 2283.3 2285.2 2305.5 2320.8 2327.0 2476.9 2477.1 2528.4 2766.0 2833.3 2842.5 2946.3 3081.1 3118.9 3152.4 3426.5 3756.1
79.804 264.089 548.745 821.169 895.795 928.306 994.75 1094.04 1117.572 1193.026 1217.16 1263.907 1276.274 1311.463 1358.898 1396.835 1403.736 1411.098 1422.1 1431.466 1432.953 1448.957 1493.135 1541.558 1541.71 1569.452 1574.117 1605.853 1615.343 1616.808 1624.508 1633.461 1653.549 1656.273 1707.995 1719.179 1736.688 1760.76 1773.203 1786.113 1795.324 1820.134 1820.477 1828.065 1833.54 1839.348 1848.351 1892.936 1893.102 1896.377 1902.695 1905.092 1913.9 1915.504 1930.392 1936.59 1943.3 1949.638 1950.808 1961.4 1972.316 1983.042 1994.819 1999.224 2001.954 2002.471 2022.329 2031.09 2055.918 2059.976 2070.0 2080.457 2089.347 2091.27 2097.572 2100.363 2108.986 2118.793 2122.426 2129.243 2133.76 2137.08 2148.37 2169.524 2177.79 2185.09 2186.738 2188.377 2193.2 2200.421 2210.018 2230.335 2238.178 2243.523 2246.534 2254.87 2255.345 2262.695 2267.62 2272.9 2279.63 2298.26 2302.685 2303.07 2306.883 2311.07 2323.2 2331.987 2336.26 2337.126 2348.56 2365.173 2365.33 2368.576 2392.626 2393.6 2402.38 2411.64 2425.42 2451.182 2474.174 2477.13 2478.09 2484.57 2513.7 2526.582 2547.28 2561.57 2663.234 2769.58
64.55 74.6 92.1 176.4 224.2 242.0 243.6 284.9 317.2 562.0 599.3 654.1 714.6 739.7 769.6 853.0 860.1 941.0 1081.7 1094.4 1117.1 1144.6 1360.1 1387.0
78.591 260.131 540.65 890.88 914.6 934.038 959.982 1010.53 1103.33 1127.29 1217.51 1236.59 1266.64 1268.67 1304.55 1305.23 1324.28 1332.0 1340.2 1371.0 1372.07 1376.1 1385.4 1401.9 1413.05 1416.25 1432.95 1483.35 1483.72 1487.78 1496.06 1500.86 1506.24 1526.39 1556.69 1572.59 1579.27 1590.74 1630.99 1689.76 1699.7 1708.17 1745.88 1769.16 1805.07 1824.61 1899.7 1918.0 1935.5 1973.03 1982.62 1982.8 2039.31 2071.3 2080.52 2112.37 2132.97 2158.94 2190.15 2399.04 2657.4 2684.8 2700.83 2717.2 2720.04 2751.0 2753.3 2790.3 2930.0 2930.9 2938.0 2943.0 2971.5 2993.5 2995.0 3063.4 3405.9 3606.5
79.1 198.6 256.9 278.9 358.3 417.0 504.0 532.2 615.0 707.0 727.6 736.8 794.2 841.2 903.1 904.7 907.1 970.0 1220.2 1263.4 1374.0 1496.4 1766.2 2104.1
77.0 255.0 834.2 961.4 1033.7 1125.3 1263.1 1396.7
