147 175
463.7 655.0 1127.5 1934.9


16.8 105.0 219.9 340.4 671.6
108.4 582.6 1074.0 1102.7 1477.6 1489.83 1905.64 2176.48 2299.55 2515.27 2655.67 3555.6 3981.4 3987.9 4407.2 4612.7 5858.3 6908.5
141.61 458.36 482.32 968.6 1090.74 656.88 1018.21 1169.64 1405.25 1450.06 1934.79 2131.42 2272.17 2345.1 2451.55 2555.05
134.9 504.5 547.4 674.1 790.7 804.7 843.3 887.2 892.2 908.7 938.9 961.5 1020.2 1101.7 1134.0 1152.1 1327.3 1364.6 1438.9 1456.0 1616.9 1775.6 1785.9 1853.9 1879.3 2035.0 2039.3 2239.9 2811.5 3016.5 3088.8 3249.2 3423.2 3608.1 3635.5 3659.9 3912.1 3995.7 4130.9 4149.2 4187.1 4335.2 4541.0 4704.3 4873.4 4918.7 5179.9 5317.3 5349.3 5579.9 5956.4 6077.9 6127.9 6195.6 6666.7 6900.4 7206.5 7352.9 7723.8 7976.4 8134.5 9168.8
133.2
174.9 236.2 361.6 380.0 614.2
115.2 203.6 771.2 1366.0 1725.7 2056.6 2335.6 2535.0 3234.0 3407.0 3978.0 4773.0
35.23 69.51 105.78 115.2 164.5 206.78 231.08 317.5 339.95 347.86 353.86 430.53 458.28 580.4 639.81 656.87 787.74 834.7 405.6 909.7 913.7 1511.1 1525.0 1574.2 1851.3 2036.2 2180.7 2207.3 2287.8 2338.6 2544.3 2756.9 2814.3 2939.7 3142.6 3210.0 3297.4 3382.9 3638.8 3788.4 3877.9 4025.3 4232.9 4426.6 4508.7 4728.3 4876.7 5120.6 5168.2 5534.6 5564.1 5953.4 5976.1 6321.4 6414.8 6749.7 6808.6 7136.0 7184.3 7486.5 7601.3 8272.7 8467.4 9352.4 9906.6 10638.8 11195.4 11960.8 13242.4
74.1 129.3 383.0 512.0 811.5 1028.5 1356.1 1639.3 1992.2 2320.5 2701.7 2727.4 3013.6 3052.9 3058.3 3279.2 3348.2 3463.3 3606.0 3654.8 3838.1 3901.9 3997.2 4261.0 4274.9 4326.8 4598.8 4712.1 4722.0 5006.0 5071.3 5361.2 5635.8 5780.0 6159.9 7032.8 7940.5 8820.0 9310.0 10280.0 10357.0
52.98 77.76 166.17 177.12 232.6 246.7 253.8 316.89 374.52 456.7 463.6 479.88 496.38 556.31 563.4 572.66 584.31 638.93 644.67 691.3 773.31 813.19 835.2 902.9 908.8 946.3 1018.02 1025.1 1062.73 1212.82 1217.5 1296.45 1392.68 1399.84 1458.2 1507.0 1551.65 1583.3 1800.8 2076.4 2110.0 2176.0 2212.8 2374.4 2422.9 2549.2 2703.5 2709.6 2862.3 2911.1 3139.9 3158.7 3348.6 3402.4 3582.7 3733.6 3859.2 4019.4 4135.2 4404.6 4458.8 4742.0 4778.7 5144.0 5503.7 5906.9 6302.7 6740.5 7172.2 7649.5 8132.2
42.1 99.43 140.33 174.38 215.84 494.49 543.36 547.38 605.37 797.96 234.0 319.5 403.1 482.1 658.9 811.5 1057.3 1281.3 1571.7 1861.6 2178.8 2523.5 2854.0 3234.6 3565.5 3959.0 4289.0 4692.1 5034.0 5460.0 5826.0 6288.0 6678.0 7184.0 7595.0 8164.0 8635.0 174.2 316.3 487.0 697.5 926.7 1191.5 1465.4 1772.4 2076.6 2404.7 2450.9 2648.7 2744.0 2886.1 3148.8 3431.7 3746.3 4085.0 4445.8 4841.0 5245.0 5684.0 6135.0 6606.0 7112.0 7596.0
7.4 18.9 22.71 78.2 149.2 159.09 161.81 167.15 210.97 254.8 326.66 337.47 347.89 367.36 376.41 417.5 433.19 465.67 515.74 516.41 531.35 557.34 577.4 625.4 638.74 647.89 678.08 709.66 756.3 788.5 815.6 989.15 1008.4 1036.73 1080.0 1180.7 1305.03 1310.1 1496.0 1525.53 1581.66 1873.97 1876.72 1996.1 2108.96 2172.26 2478.0 2480.96 2570.2 2736.58 2786.0 3050.9 3110.0 3117.0 3206.3 3255.35 3381.1 3441.0 3476.76 3723.0 3739.67 3779.0 3886.0 4012.7 4084.0 4130.0 4330.4 4492.0 4578.0 4656.0 4867.0 5017.0 5267.0 5270.0 5394.0 5675.0 5789.0 5988.0 6113.0 6217.0 6560.0 6633.0 6726.0 7037.0 7110.0 7519.0 7534.0 8053.0 8476.0 9034.0 9457.0 10060.0 10483.0 11141.0 11582.0
44.651 66.9 163.351 290.3 408.31 415.88 451.02 739.45 747.4 754.93 771.0 780.2 782.64 791.82 800.48 815.75 857.74 901.4 954.04 107.1 131.29 163.56 202.9 210.9 232.7 237.5 293.7 305.1 314.3 322.9 393.3 400.7 413.1 449.8 514.5 526.4 555.5 566.3 595.2 671.0 690.4 717.2 728.3 787.0 814.5 838.4 883.4 910.7 979.1 1010.2 1051.3 1100.4 1140.2 1149.8 1226.5 1274.4 1344.0 1368.5 1374.9 1458.7 1530.8 1553.3 1604.9 1663.7 1741.1 1809.1 1815.9 1890.5 1913.6 1999.3 2053.4 2095.9 2187.9 2255.1 2273.2 2333.3 2424.6 2507.4 2523.8 2535.7 2635.5 2731.0 2799.5 2834.1 2909.4 2923.5 3075.8 3101.5 3178.4 3182.3 3270.0 3297.0 3360.0 3418.4 3517.6 3540.5 3583.2 3609.0 3661.9 3816.9 3821.0 3860.6 3878.4 3890.1 3974.1 4007.6 4139.8 4145.8 4196.1 4259.4 4308.3 4309.4 4340.0 4490.6 4510.1 4519.1 4554.5 4613.0 4655.4 4751.8 4855.0 4867.4 4890.1 5013.4 5025.9 5085.2 5100.0 5215.6 5233.4 5248.9 5324.5 5369.7 5406.3 5602.0 5642.0 5684.6 5808.0 5812.4 5904.8 5976.7 6060.6 6150.4 6188.0 6221.1 6394.2 6481.5 6538.6 6650.6 6658.4 6752.7 6799.4 7045.3 7069.0 7094.3 7255.4 7371.4 7458.1 7528.3 7551.8 7694.9 8008.5 8014.8 8023.5 8193.5 8417.7 8442.2 8512.9 8665.2 9007.8 9057.6 9208.5 9487.8 9534.2 9704.2 10046.2 10170.6 10298.1 10592.0 10616.3 11136.4 11345.6 11744.2 11755.6 12274.6 12575.6 12896.4 12935.0 13451.1 14129.1 14650.0 15865.3 199.0 326.0 490.0 674.0 900.0 1136.0 1410.0 1692.0 2001.0 2314.0 2650.0 2965.0
13.52 23.29 86.92 136.71 144.39 164.69 174.59 175.0 217.14 247.97 253.5 258.35 290.3 326.23 331.08 366.36 369.1 383.1 436.9 449.2 451.2 498.02 521.09 559.56 586.5 603.6 629.1 683.73 728.0 732.6 774.09 804.8 806.13 823.93 829.7 900.5 947.28 962.9 1011.5 1121.1 1130.65 1159.5 1211.2 1261.1 1294.5 1308.4 1345.32 1362.92 1473.6 1498.4 1552.3 1661.5 1749.8 1780.09 1785.7 1803.9 1819.72 1820.68 1826.6 1833.48 1994.77 2034.3 2046.3 2206.1 2323.0 2356.4 2376.7 2397.3 2607.7 2626.2 2741.6 2878.6 2920.9 2932.6 3014.4 3171.3 3206.5 3420.4 3427.7 3689.6 3713.5 3722.2 3964.8 3967.6 4266.4 4319.8 4443.1 4586.6 4588.4 4918.5 4996.8 5172.2 5285.9 5740.3 6056.9 6569.3 6844.9
37.575 40.928 108.78 110.3 121.0 124.04 134.93 140.99 157.7 158.6 173.5 182.2 185.1 225.8 253.9 257.19 264.5 302.0 302.7 307.7 338.3 347.1 353.22 362.79 377.1 381.8 390.55 391.6 410.8 428.0 443.4 463.7 470.39 498.7 518.0 520.9 535.6 542.9 548.3 550.1 554.99 571.6 581.69 602.5 607.8 624.9 626.4 657.5 657.9 675.55 685.5 685.9 732.72 735.88 747.9 770.4 773.5 773.9 777.2 786.3 831.0 876.3 928.4 937.7 940.0 951.99 953.2 964.0 974.3 975.8 1001.1 1060.14 1091.5 1105.5 1108.4 1128.2 1160.3 1170.2 1211.0 1232.4 1320.2 1326.4 1338.2 1344.3 1390.2 1409.2 1439.0 1455.1 1512.5 1541.6 1562.0 1583.9 1637.0 1643.0 1702.5 1720.7 1788.4 1802.8 1811.5 1856.9 1915.0 1951.4 1964.5 2006.0 2068.4 2071.1 2103.3 2153.8 2194.3 2198.9 2288.6 2308.2 2353.0 2369.9 2447.8 2460.3 2521.1 2567.5 2581.6 2602.3 2647.3 2683.0 2704.8 2793.8 2824.4 2856.8 2896.5 2927.5 2948.4 2970.1 3003.1 3116.4 3130.3 3199.3 3230.5 3232.3 3250.3 3301.1 3350.5 3389.0 3495.7 3520.0 3541.1 3549.0 3635.3 3650.5 3674.8 3855.2 3855.3 3939.8 3943.8 3945.8 3973.4 4085.8 4176.6 4250.4 4262.6 4273.1 4291.3 4377.9 4525.3 4599.3 4620.6 4633.9 4651.2 4732.6 5016.9 5021.5 5068.7 5576.0 5889.1
11.6 80.37 129.52 158.2 158.93 160.47 181.72 210.59 252.44 275.53 293.52 315.54 362.28 366.9 370.2 414.2 416.06 419.79 450.31 491.23 498.4 512.7 546.1 552.0 592.25 676.9 689.9 725.88 747.2 769.5 796.9 797.34 830.98 868.0 889.85 921.37 969.0 1012.75 1037.02 1074.5 1103.5 1186.6 1190.5 1207.0 1216.9 1250.82 1281.16 1307.79 1311.0 1315.0 1326.0 1370.11 1466.2 1467.9 1552.5 1564.76 1581.77 1591.7 1595.4 1661.3 1730.8 1747.0 1830.3 1846.56 2029.2 2099.4 2138.6 2194.91 2212.8 2308.5 2332.1 2411.4 2624.1 2666.5 2698.2 2831.5 2862.1 3019.3 3155.8 3271.2 3509.0
82.29
10.4 116.575 142.424 171.73 179.48 187.642 282.21 285.891 290.91 292.82 296.205 326.464 370.996 383.661 436.047 459.87 470.205 470.72 496.593 522.25 557.92 597.456 602.0 622.044 631.774 657.46 689.131 699.12 709.12 741.314 778.94 780.44 787.77 840.19 852.59 867.76 882.1 927.85 929.71 935.25 944.85 965.73 978.471 993.553 1001.14 1007.57 1008.5 1044.02 1086.511 1096.17 1096.43 1101.32 1105.28 1160.91 1163.94 1194.74 1216.54 1223.06 1229.85 1276.79 1281.38 1358.69 1372.67 1378.15 1381.0 1424.58 1429.49 1432.31 1470.19 1487.31 1524.87 1527.43 1528.64 1549.97 1562.85 1580.92 1597.56 1606.73 1629.75 1654.3 1668.84 1678.84 1691.19 1705.48 1808.63 1813.88 1858.57 1901.18 1915.33 1916.55 1922.37 2022.19 2030.73 2065.53 2098.02 2113.72 2135.88 2186.37 2279.64 2321.02 2381.98 2394.35 2396.38 2440.4 2455.56 2573.24 2593.41 2620.2 2670.48 2735.76 2799.01

8.4103 118.1902 138.9341 316.1482 332.119 341.94 345.031 367.67 379.269 430.125 433.523 472.8841 474.973 570.829 575.38 588.2 602.9 633.296 637.0 646.762 691.2 718.791 725.45 741.25 781.804 832.41 865.9 878.35 883.8 884.6 900.0 929.8 964.0 1027.8 1040.0 1058.5 1063.6 1104.1 1112.6 1135.9 1140.7 1188.9 1190.0 1218.1 1223.0 1262.4 1300.8 1372.5 1483.0 1497.8 1548.4 1598.3 1625.1 1658.1 1716.8
38.7134 114.5434 149.7178 183.1896 204.4486 219.7059 237.2391 247.148 270.5466 319.3256 349.7327 355.049 358.1161 381.4259 402.7279 447.0704 467.8604 539.7224 544.051 550.7476 590.2282 603.9889 607.8862 637.9059 648.7462 650.3729 655.597 661.8549 683.569 693.2859 703.6278 708.37 709.468 715.6214 719.2628 733.8123 749.8481 756.215 758.3286 775.2281 782.1521 806.4277 818.5067 822.3924 839.131 854.339 860.486 862.7761 863.364 908.449 925.276 959.23 964.474 979.929 984.981 1064.456 1070.975 1078.847 1091.4 1102.0 1139.951 1147.974 1160.597 1168.78 1178.91 1192.829 1210.679 1238.145 1265.075 1299.107 1354.6
5.029 116.652 129.042 326.79 347.95 424.95 520.3 627.01 635.57 637.12 658.76 675.86 737.44 743.8 750.1 775.85 822.4 823.8 872.8 884.6 912.99 935.5 984.4 998.6 1013.14 1036.2 1057.41 1116.7 1225.7 1232.2 1285.0 1296.4 1307.0 1316.52 1391.1 1400.6
62.529 145.84 239.92 407.338 446.036 475.446 479.68 496.34 526.23 535.14 610.062 714.5 797.42
2.46 118.6 124.86 317.73 411.9 1212.9
58.5 100.4 130.4 252.2 766.9 772.9
2.7 123.7 130.9 358.0 639.4 1291.3 1367.8
