151 177
1531.3 1734.7 1791.2 1993.2 2165.4 2391.0 2448.0
1531.4 1890.1 2202.7 2550.1 2689.9 2744.5
567.1 1201.7 1459.2 1490.7 1762.4 2030.2 2137.4 2152.9 2246.9 2481.4 2504.5 2527.4 2578.2
821.3 1516.0 1949.6 2046.2 2914.7 3228.5 3696.4 4318.8 4479.1 4608.2 4996.1 5178.0 5370.1 5382.8 5517.5 5537.2 5738.2 5878.1 6178.2 6283.3 6342.9 6666.3 6796.5 6984.5 7187.2 7245.9 7439.6 7609.9

536.4 1143.7 1728.5 2272.6 2956.5 3028.3 3571.0 3815.8 4475.1 4975.1 5286.0 5575.7 6222.6 6844.7 7029.3 7405.0 8029.2 8184.9 9149.3 9464.5

358.2 835.2 1403.5 2046.6 2121.4 2230.2 2573.8 2650.2 2653.4 2743.5 2923.4 2957.4 2958.9 3406.9 3426.2 3456.8 3482.4 3486.2 3934.7 3970.4 4048.9 4083.4 4502.2 4584.8 4697.6 4736.4 5129.2 5281.7 5448.4 5862.1 6006.5 6195.2 6586.8 6691.5 6911.1 7319.7 7396.5 7633.2 8061.0 8105.5 8454.6 8846.5 8902.5 9328.2 9639.6 9740.5 10225.0 10425.1 11136.0 11185.9 12084.6 12147.0 13186.0 13199.0 13959.8
299.6 747.1 1063.6 1296.2 1556.1 1612.1 1929.3 1976.6 2185.1 2457.3 2626.8 2700.4 2960.4 3233.8 3375.9 3532.0 3857.8 4166.0 4180.9 4552.4 4894.6 4940.5 5340.1 5680.3 5704.8 6107.3 6466.0 6489.9 6895.0 7264.1 7353.1 7707.4 8066.0 8280.8 8567.7 8961.1 9282.3 9455.6 9890.3 10380.3 10386.8 10906.7 11330.0 11970.7
243.1 638.4 820.4 1086.1 1112.8 1146.9 1221.6 1254.6 1292.8 1358.3 1496.4 1525.3 1529.2 1567.5 1676.4 1736.2 1811.3 1926.7 2050.7 2362.8 2372.0 2373.0 2480.6 2579.2 2702.4 2763.3 2877.1 2959.4 2978.5 3023.2 3136.7 3195.4 3363.4 3421.5 3455.9 3519.1 3745.9 3757.1 3847.3 4023.5 4027.8 4172.8 4376.3 4425.5 4428.7 4682.5 4701.6 4712.8 4911.9 5089.0 5090.7 5177.4 5330.4 5367.0 5405.2 5693.0 5825.4 5948.0 6122.2 6381.0 6621.0 6694.3 7093.0 7456.7 7459.0 7871.0 8272.0 8287.7 8709.0 9125.0 9132.0 9556.0 10002.0 10010.0 10409.0 10887.0 10956.0 11294.0 11790.0 11963.0 12229.0 12740.0 13041.0 13229.0 13740.0 14199.0 14290.0 15403.0
43.67 110.79 197.2 211.08 220.7 367.28 462.6 552.7 703.0 859.9 1006.7 1117.0 1382.3 1535.9 1649.0 1999.2 2044.4 2098.1 2259.0 2304.6 2478.3 2560.6 2680.1 2686.5 2915.7 2919.0 3108.8 3167.4 3387.4 3443.5 3627.0 3712.6 3766.9 4074.9 4092.5 4350.0 4382.8 4473.2 4811.4 4812.0 5142.9 5266.4 5578.6 5631.6 5963.5 6120.2 6405.6 6500.1 6813.8 6977.5 7288.8 7347.4 7876.7 8194.7 8198.0 8832.3 9090.2 9095.0 9844.3 10010.5 10053.2 10914.3 10972.5 11105.2 11988.5 12044.3 12218.2 13054.5 13364.5 14181.5 14531.5 15709.4
166.85 487.55 798.68 924.34 992.19 1006.0 1130.06 1150.33 1185.4 1337.7 1398.53 1445.76 1455.35 1573.45 1637.35 1647.36 1673.46 1767.89 1866.98 1985.47 2024.26 2153.14 2280.3 2424.71 2572.6 2604.88 2634.49 2806.47 2938.5 3077.37 3127.2 3257.55 3417.0 3578.95 3597.24 3878.83 3972.4 4149.33 4185.64 4495.48 4562.3 4821.53 4822.46 5146.6 5169.7 5482.4 5584.94 5816.6 5862.2 6174.6 6423.2 6529.1 6652.1 6926.0 7313.9 7319.1 7488.0 7755.4 8187.7 8234.9 8323.9 8661.0 9124.8 9153.7 9606.5 10067.0 10503.0 10969.4 11420.0 11917.8 12392.0
53.88 58.1 99.2 124.0 133.06 156.21 167.6 221.12 234.8 263.9 370.6 371.81 394.4 450.01 465.05 474.23 483.9 514.6 527.8 537.91 578.5 620.6 674.27 715.6 749.0 768.37 854.2 855.3 870.64 913.4 938.6 1178.6 1343.5 1358.4 1641.6 1735.7 1818.5 1923.0 2028.2 2114.4 2286.1 2365.0 2524.5 2527.5 2570.1 2797.7 3023.2 3044.6 3074.7 3266.1 3368.0 3614.0 3679.7 3751.1 3990.2 4001.0 4295.0 4476.8 4703.0 5047.7 5246.4 6081.0
123.31 385.56 760.05 863.886 975.55 1003.78 1073.48 1144.31 1223.09 1323.15 1335.9 1347.58 1365.15 1415.9 1442.1 1500.27 1512.99 1550.99 1565.34 1611.76 1674.22 1753.35 1779.55 1784.9 1798.44 1873.54 1951.23 1999.69 2123.16 2272.19 2283.95 2310.35 2329.89 2400.8 2482.81 2597.37 2683.48 2794.98 2824.55 2863.28 2863.81 2899.2 3012.46 3086.72 3293.68 3305.33 3317.13 3377.83 3388.98 3504.3 3695.62 3753.44 3849.32 3863.11 3932.46 3941.58 4065.91 4295.44 4391.02 4393.5 4445.05 4467.76 4479.82 4552.02 4565.12 4657.41 4703.81 4915.49 4965.41 5039.75 5067.83 5097.26 5182.87 5197.3 5205.96 5277.89 5380.31 5596.7 5611.06 5688.4 5695.01 5804.26 5864.92 5907.13 5961.2 6058.41 6083.7 6273.22 6308.4 6339.3 6372.3 6428.75 6525.25 6606.42 6666.83 6785.5 6847.9 6896.78 7011.2 7066.6 7133.5 7148.7 7201.0 7217.7 7299.58 7405.2 7495.43 7645.6 7785.98 7829.3 7887.5 7970.3 7977.4 8018.5 8059.5 8135.1 8264.7 8397.8 8715.0 8724.6 8771.0 8871.0 8971.2 8999.1 9185.0 9367.6 9644.7 9714.2 9716.5 9985.8 10371.8 10744.1 11817.0 12931.0
87.51 120.6 126.74 132.49 174.23 197.4 209.5 217.2 254.64 324.44 330.0 391.69 400.83 419.1 423.0 427.6 483.67 484.4 493.57 533.16 591.3 664.98 669.81 726.36 745.2 758.1 762.33 783.26 807.3 850.1 874.2 944.5 948.2 1013.08 1174.4 1211.3 1280.7 1361.4 1559.6 1692.9 1698.0 1718.8 1734.13 1758.3 1760.6 1931.0 1978.9 1983.1 2007.8 2012.0 2125.86 2248.5 2303.5 2389.9 2448.2 2726.1 2954.1 2978.5 3085.1 3242.8 3325.0 3520.2 3706.9 3823.6 3834.5 3858.0 4155.5 4435.3 4472.5 4538.5 4622.5 4861.2 5170.2 5188.2 5353.9 5473.5 5634.4 5970.0 5985.3 6218.2 6473.1 6817.0 6880.6 7119.2 7377.1 7729.4 7845.2 8056.0 8343.7 8623.0 8704.2 8865.6 9368.1 9734.1 9923.7 10794.2 11847.0
102.37 330.5 668.01 932.35 1039.1 1098.25 1144.2 1162.77 1315.25 1327.9 1342.5 1358.93 1385.98 1418.6 1451.35 1482.46 1503.32 1505.43 1529.67 1570.6 1579.8 1605.93 1607.33 1607.77 1616.79 1684.82 1704.82 1724.9 1744.21 1790.36 1812.58 1818.3 1833.3 1835.2 1852.58 1865.45 1923.1 1941.54 1957.16 1958.95 2016.35 2029.23 2030.33 2073.04 2098.61 2136.5 2143.12 2150.48 2165.8 2175.94 2209.64 2215.09 2233.39 2319.3 2362.24 2416.72 2426.4 2491.0 2531.8 2609.6 2646.9 2729.5 2779.4 2862.4 2891.2 2897.8 3167.1 3196.9 3273.7 3350.2 3353.5 3490.0 3666.5 3782.0 3878.0 3891.8 4189.8 4219.3 4370.5 4470.6 4478.3 4819.7 4922.7 5036.8 5108.3 5118.9 5469.1 5649.6 5775.4 5782.3 5813.8 6174.0 6378.1 6507.2 6551.6 6581.7 6940.5 7294.3 7334.6 7451.9 7774.1 8148.1 8386.9 8677.6 9070.9 9385.7 9649.2 10057.0 10445.7 11102.0 11558.0 12186.0 12716.0
29.658 33.909 58.538 78.671 125.91 178.875 179.79 185.96 188.754 213.195 239.19 258.582 278.257 301.484 308.456 317.524 330.16 407.69 411.009 419.59 430.92 440.713 442.5 477.45 553.44 569.45 571.548 607.3 628.39 644.4 677.39 719.89 721.28 726.55 783.72 788.39 901.45 987.4 1022.29 1061.17 1094.7 1122.26 1192.88 1267.24 1304.98 1305.53 1356.33 1433.2 1531.0 1570.11 1602.13 1656.9 1759.3 1771.6 1895.5 1934.8 1947.5 1951.19 1952.85 1973.97 1975.24 1979.5 1995.32 1998.48 2012.32 2013.05 2025.6 2052.68 2149.1 2158.7 2159.09 2292.6 2330.4 2359.7 2483.0 2571.6 2684.0 2751.9 2817.8 2862.8 2882.4 3073.1 3164.8 3237.4 3399.5 3460.4 3481.3 3533.9 3703.1 3807.3 3815.4 3838.1 4078.4 4091.8 4116.6 4141.8 4296.1 4373.1 4434.5 4496.1 4503.3 4734.4 4764.3 4834.4 4860.9 5095.5 5096.1 5106.2 5212.8 5226.8 5444.4 5454.0 5614.9 5637.6 5812.7 5879.1 5920.7 5986.2 6009.0 6178.7 6217.4 6508.0 6552.9 6727.1 6759.5 6818.3 6936.2 7057.0 7335.1 7447.2 7640.0 7640.8 7713.9 7744.0 7965.0 8173.9 8454.0 8569.3 8605.0 8614.0 8678.0 8938.0 9524.6 9541.3 9638.0 9711.1 9973.0 10564.3 10649.8 10714.0 10809.9 11053.0 11641.8 11814.1 11967.5 12764.8 12990.9 13180.3 13887.8 14173.7 14359.3 15052.2 15385.1 15548.3 16276.2 16767.3
87.73 286.551 585.25 970.02 983.85 1066.95 1154.0 1171.2 1197.0 1233.18 1302.3 1391.1 1425.41 1445.11 1451.67 1479.71 1543.0 1551.21 1597.78 1618.6 1650.48 1674.12 1770.2 1819.18 1842.17 1936.0 1972.74 1985.0 1998.78 2002.0 2056.19 2100.0 2110.57 2135.37 2174.0 2203.84 2222.37 2242.93 2274.43 2404.61 2426.0 2427.75 2442.0 2488.6 2826.0 2846.0 2929.0 3073.1 3296.0 3310.0 3445.0 3686.9 3821.0 3829.0 3980.0 4134.0 4165.0 4336.9 4373.0 4412.0 4578.0 4763.0 4786.0 4968.0 5032.0 5037.0 5254.0 5400.0 5511.0 5612.0 5688.0 5797.0 6007.0 6080.0 6276.0 6314.0 6393.0 6624.0 6810.0 6833.0 7072.0 7081.0 7157.0 7517.0 7600.0 7725.0 7912.0 7917.0 7986.0 8454.0 8475.0 8669.0 8801.0 8825.0 8881.0 9372.0 9495.0 9748.0 9802.0 9841.0 10352.0 10575.0 10760.0 10848.0 11388.0 11701.0 11841.0 11958.0 12870.0 12985.0 13128.0 14342.0 15575.0 1186.0 1852.1 2568.9 3341.7 4176.9 1189.5 1873.0 2611.7 3407.1 4260.9 1289.2 2019.0 2802.1 3644.5 4548.9 5515.4 6542.0 7629.0 8772.0
24.199 70.882 86.918 99.24 161.651 191.214 243.816 264.253 269.655 278.597 389.527 405.0 486.944 512.02 523.071 547.1 569.83 590.687 647.286 647.836 659.627 677.105 707.19 719.911 722.278 736.3 748.956 761.843 807.056 807.6 813.329 832.05 833.8 851.4 851.5 886.81 903.0 911.671 919.887 929.06 960.627 996.6 1033.896 1042.7 1064.88 1070.69 1078.347 1110.72 1157.4 1167.63 1177.01 1198.7 1218.0 1250.5 1270.75 1283.23 1296.65 1319.83 1335.6 1343.65 1350.165 1354.852 1395.407 1398.64 1406.33 1420.39 1426.81 1444.73 1449.781 1463.4 1465.03 1478.61 1531.58 1540.69 1554.73 1554.87 1565.61 1585.91 1618.95 1650.5 1655.5 1656.51 1658.05 1666.5 1689.0 1689.35 1694.43 1696.53 1707.79 1708.52 1716.06 1781.77 1844.0 1888.0 1908.66 1954.55 1972.23 1974.14 2030.04 2140.2 2258.0 2425.5 2668.0 2929.0 3074.6 3238.6 3588.0 3781.6 3856.1 4330.0 4523.8 4526.9 5116.0 5256.5 5271.9 6045.6 6048.3 6875.0 6903.6 7771.0 7823.3 8806.6 9854.1 10961.0
84.25468 277.43 573.3 963.32 1069.35 1138.57 1145.72 1225.36 1228.88 1258.46 1292.4 1306.39 1329.31 1345.18 1364.53 1397.06 1408.73 1425.25 1437.53 1450.35 1459.75 1479.88 1510.2 1512.37 1521.31 1528.74 1534.58 1566.36 1572.73 1573.1 1601.33 1634.86 1658.1 1660.26 1669.03 1712.41 1715.75 1717.95 1762.63 1780.55 1793.37 1803.39 1835.06 1851.23 1872.09 1903.14 1954.13 1964.64 1983.36 1985.54 2005.43 2009.35 2039.95 2044.64 2052.58 2056.73 2096.81 2098.5 2115.93 2126.15 2135.33 2170.04 2189.65 2200.86 2220.69 2242.0 2253.5 2268.21 2275.47 2289.29 2341.6 2351.68 2364.08 2367.66 2372.83 2388.06 2398.51 2400.1 2412.39 2429.0 2460.55 2473.69 2477.8 2496.21 2498.19 2522.99 2524.27 2525.1 2536.88 2580.35 2603.6 2603.8 2661.14 2667.2 2680.75 2732.3 2748.14 2768.31 2775.65 2783.1 2815.73 2819.77 2826.8 2847.0 2855.61 2859.2 2927.2 2929.6 2938.6 2939.73 2947.89 2956.61 2959.4 2965.62 2966.42 2969.43 2973.6 2975.31 2986.67 3007.58 3042.46 3049.95 3065.19 3067.0 3067.36 3099.6 3115.16 3131.13 3140.68 3146.05 3149.15 3165.59 3169.59 3179.71 3186.2 3186.67 3195.1 3195.51 3202.1 3274.43 3296.5 3302.5 3307.3 3313.97 3333.2 3401.7 3437.8 3466.8 3533.8 3547.3 3558.1 3567.4 3742.1 3756.5 3806.8 3833.3 3842.3 3844.2 4011.8 4017.6 4065.1 4174.0 4207.1 4390.3 4436.5 4885.9 5084.8
66.721 75.878 95.272 122.418 167.658 208.008 230.623 246.608 259.066 317.303 368.9 449.584 487.23 501.2 509.1 604.3 647.9 766.0 779.5 825.5 832.5 835.062 859.5 902.24 907.1 935.232 944.29 948.341 954.6 958.16 975.8 980.8 984.0 987.5 991.6 1004.1 1024.6 1039.1 1080.93 1093.25 1113.9 1127.64 1189.5 1233.3 1262.9 1265.7 1293.2 1332.0 1377.5 1388.1 1420.3 1434.4 1436.3 1436.4 1492.3 1537.0 1625.6 1722.9 1805.0 1831.8 1834.0 1871.3 1913.1 1971.5 2006.6 2049.0 2137.0 2261.4 2447.2 2468.0 2478.7
78.7427 260.268 539.977 912.12 1042.914 1117.874 1154.935 1172.385 1198.472 1221.72 1263.028 1286.54 1330.693 1352.95 1370.07 1375.815 1405.008 1465.875 1476.784 1510.179 1537.5 1540.61 1549.15 1550.43 1550.8 1557.58 1599.87 1608.49 1633.14 1640.557 1657.79 1662.81 1666.12 1670.55 1700.639 1706.447 1707.8 1710.48 1749.205 1757.367 1778.86 1794.08 1802.65 1803.108 1810.32 1821.583 1828.76 1839.8 1841.84 1849.173 1853.46 1862.799 1869.634 1894.616 1899.3 1907.48 1919.84 1921.8 1927.016 1956.351 1968.2 1975.63 2007.98 2009.8 2039.38 2046.99 2064.04 2073.114 2075.27 2076.172 2084.81 2100.22 2102.944 2145.03 2154.3 2156.43 2175.059 2176.2 2181.97 2192.13 2193.02 2193.16 2194.331 2195.03 2199.47 2210.0 2212.52 2213.307 2214.06 2225.3 2228.63 2248.19 2256.3 2285.399 2299.29 2307.786 2312.9 2316.97 2327.58 2340.7 2341.86 2343.715 2375.37 2387.706 2392.3 2404.8 2411.4 2464.09 2465.22 2480.037 2492.2 2518.7 2554.2 2573.0 2607.2 2607.3 2609.2 2612.0 2629.8 2636.1 2653.3 2689.8 2746.5 2786.8 2840.8 2856.4 3002.0 3017.0 3020.0 3034.2 3043.9 3044.5 3072.0 3096.0 3118.0 3134.6 3160.0 3174.0 3198.4 3246.0 3252.9 3309.5 3393.0 3481.6 3545.0 3604.0 3635.0 3863.0
78.647 179.364 301.859 350.764 398.9 412.967 445.7 461.5 482.0 610.6 626.7 636.128 796.2 1001.9 1032.5 1074.5 1227.1 1232.5 1340.9 1471.7 1492.3 1736.0 2018.0
76.471 253.117 526.034 889.93 1318.361 1336.0 1382.013 1468.195 1487.12 1518.148 1561.021 1572.126 1606.358 1624.4 1633.973 1671.216 1674.82 1701.68 1709.42 1710.859 1715.449 1733.64 1785.9 1805.4 1819.817 1851.408 1859.232 1861.0 1884.674 1886.0 1933.951 1949.696 1958.52 2016.126 2020.622 2037.0 2038.83 2049.967 2068.984 2088.46 2101.209 2111.876 2123.04 2160.918 2163.144 2171.982 2186.864 2198.6 2237.715 2246.825 2256.416 2295.773 2320.6 2336.7 2336.876 2338.0 2341.502 2350.3 2361.838 2377.9 2378.7 2384.056 2403.332 2436.4 2438.165 2457.0 2464.965 2500.0 2581.4 2601.2 2796.1 2813.8 2918.2 3009.0 3049.0 3117.0 3122.3 3145.0 3222.0 3327.0 3349.1 3387.0 3402.9 3427.0 3485.0 3527.0 3553.4 3648.1 3692.2 3836.0 4610.0
104.5266 231.502 267.541 384.755 514.869 556.087 602.838 639.258 698.111 729.215 782.234 811.425 844.181 871.693 920.029 957.478 992.263 1009.1 1009.387 1067.874 1121.334 1174.758 1197.296 1308.9 1356.493 1368.11 1468.872 1497.32 1620.5 1627.48 1682.7 1689.56 1691.1 1793.43 1864.82 1891.81 1893.1 1937.47 2015.08 2081.3 2093.6 2107.4 2114.1 2138.4 2190.2
82.13 271.7 564.7 954.0 1050.0 1088.2 1132.0 1193.4 1260.9 1283.4 1341.1 1431.0 1431.7 1435.4 1498.7 1575.5 1630.1 1671.4 1798.2 1985.0 2053.4 2153.5 2163.0 2295.3 2453.0 2480.7 2537.7 2602.0 2704.0 2938.0 2949.7 2953.8 3052.3 3126.0 3143.0 3186.3 3270.0 3456.0 3480.0 3516.0 3540.0 3557.0 3780.0 3845.0 3979.0
104.5 124.6 331.5 423.3 432.5 622.0 703.9 832.5 866.6 938.6 997.8 1006.6 1075.0 1208.8 1283.6 1319.7 1358.6 1416.4 1440.8 1494.0 1585.6 1592.1 1657.7 1658.7 1700.5 1738.2 1833.7 1920.0 1936.9 1985.1 2021.0 2031.8 2034.0 2067.3 2069.6 2082.8 2136.9 2141.3 2162.0 2178.9 2243.2 2273.5 2379.3 2389.8 2394.5 2444.6 2454.8 2461.1 2472.2 2479.8 2504.2 2533.0 2632.5 2653.0 2664.3 2671.9 2700.0 2731.4 2742.2 2806.9 2854.1 2883.3 2888.9 2978.8
