151 180
612.3 1474.9

1432.1 1606.2 1822.7 2147.0 2211.6 2481.6 2502.5 2632.9
21.8 357.7 886.7 1202.8 1225.4 1402.4 1440.7 1813.8 1911.6 2081.3 2224.8 2431.3





176.0 253.0 501.0 661.0 966.0 1199.0 1530.0 1816.0 2172.0 2486.0 2871.0 3198.0
135.6 335.2 353.2 444.4 375.3 758.7 883.7 1358.7 1488.5 1828.0 2011.5 2012.8 2161.0 2194.3 2325.0 2485.8 2680.8 2700.7 2819.7 2951.4 3046.4 3206.2 3263.8 3503.7 3541.9 3786.2 3835.6 4068.9 4238.2 4385.9 4571.2 4709.9 5015.6 5063.5 5381.2 5419.9 5811.3 5859.0 6162.0 6198.0 6629.0 6943.0 7053.0 7534.0 7791.0 7992.0 8499.0 8692.0 8996.0 9527.0 9640.0 10019.0 10625.0 11009.0 11664.0 12070.0 12738.0 13835.0
5.0 79.2 173.89 196.34 453.34 552.8 606.47 224.5 301.6 420.0 580.5 722.4 857.1 1085.3 1091.3 1258.6 1417.5 1681.6 1717.2 1879.8 1999.6 2074.0 2205.7 2339.1 2398.6 2426.2 2524.1 2565.2 2594.6 2734.6 2800.3 2825.7 2991.8 3086.3 3183.1 3237.8 3369.4 3547.4 3558.3 3687.3 3852.9 3921.9 4026.3 4226.5 4262.2 4391.4 4584.5 4634.5 4787.2 4982.2 4992.3 5190.2 5379.8 5400.0 5631.3 5751.2 5835.4 6074.2 6185.4 6290.7 6554.9 6750.9 7244.5
62.1 124.2 190.92 195.2 210.1 224.5 250.1 280.1 295.5 310.4 414.2 492.1 520.5 521.0 621.0 642.2 644.7 691.3 715.5 730.5 754.8 875.2 883.5 937.3 968.0 1008.2 1107.0 1115.3 1152.4 1282.5 1417.0 1485.8 1502.0 1562.1 1670.0 1677.4 1730.1 1867.7 1936.6 2009.0 2020.5 2087.8 2104.4 2139.7 2199.8 2228.3 2276.9 2307.5 2339.7 2400.5 2410.8 2437.0 2489.6 2514.6 2540.8 2614.5 2681.0 2685.6 2748.3 2773.7 2803.6 2855.5 2861.2 2901.0 2925.0 3004.0 3021.5 3078.4 3079.4 3123.4 3130.8 3245.2 3320.8 3323.9 3351.3 3483.8 3486.8 3551.9 3572.1 3667.5 3789.8 3822.8 3863.9 3866.5 3892.5 3958.4 4068.3 4104.0 4150.7 4254.5 4309.4 4369.4 4405.9 4431.6 4445.1 4492.7 4529.3 4579.1 4719.9 4760.9 4817.2 4831.2 4904.0 4937.4 4981.5 5057.9 5084.1 5088.4 5116.2 5132.0 5209.5 5388.3 5419.6 5505.4 5557.3 5559.3 5564.3 5720.4 5743.0 5757.0 5781.1 5898.0 5917.1 6065.6 6108.2 6246.3 6249.4 6320.0 6334.2 6355.7 6415.4 6454.2 6502.7 6533.6 6616.3 6789.1 6790.1 6907.4 6965.1 6979.9 6990.6 7174.4 7178.9 7220.5 7247.0 7339.3 7351.2 7390.8 7584.7 7667.3 7729.4 7785.2 7786.5 7813.9 8011.7 8040.3 8046.0 8196.9 8222.9 8237.2 8291.2 8421.9 8459.9 8636.3 8668.5 8713.7 8790.3 8913.3 8927.2 9106.7 9154.0 9232.0 9252.9 9284.6 9409.3 9538.8 9625.3 9709.1 9839.8 9916.4 10069.2 10097.3 10138.4 10265.2 10346.6 10425.1 10494.6 10653.3 10715.0 10819.9 10978.0 11017.8 11085.6 11186.7 11503.3 11503.8 11748.8 11854.6 11993.5 12097.7 12156.7 12566.8 12625.1 12943.6 13025.1 13258.1 13282.9 13679.2 14086.5 14110.6 14462.2 14483.5 15284.3 15689.3 16532.9 16958.3 18264.8
31.3 126.3 153.3 199.4 283.4 597.2 807.6 827.4 104.11 173.4 245.05 266.4 413.28 431.9 594.1 623.65 831.0 848.4 1057.3 1115.37 1341.9 1382.39 1625.9 1690.0 1938.6 1987.9 2021.9 2206.9 2270.4 2314.2 2363.0 2413.3 2509.4 2595.1 2621.1 2635.6 2786.0 2873.4 2919.1 2945.0 2958.8 3140.5 3208.3 3270.0 3282.0 3424.4 3442.0 3519.0 3659.2 3746.4 3817.0 3836.7 3979.2 4000.0 4084.1 4182.8 4367.6 4423.0 4452.7 4537.2 4616.0 4702.1 4844.9 4920.4 5088.0 5115.3 5243.6 5291.0 5316.2 5476.7 5663.0 5753.7 5809.0 5925.8 6024.0 6080.6 6195.3 6317.6 6513.4 6586.0 6675.7 6809.6 6814.0 6953.5 7155.9 7228.1 7411.3 7418.0 7652.7 7661.0 7770.0 7871.8 8108.3 8203.0 8304.0 8363.7 8566.0 8803.0 8841.3 9098.3 9238.0 9244.0 9375.7 9530.0 9859.3 9907.0 10239.0 10326.0 10440.7 10554.0 10928.3 11069.0 11289.0 11450.0 11636.0 12256.0 12393.0 12771.0 13553.0 14764.0 554.0 1059.7 1645.0 2277.8 2926.7 3599.5 1137.0 1785.0 2490.0 3254.0 4077.0 4959.0 5896.0 6887.0 7929.0 9018.0 10152.0 11323.0 1324.0 2071.0 2874.0 3733.0 4646.0 5612.0 6617.0 1151.0 1815.0 2542.0 3328.0 4174.0 5080.0 6045.0 7068.0 8150.0 9284.0 1080.0 1708.0 2393.0 3134.0 3928.0 4775.0 5676.0 6632.0 7643.0 8713.0 1563.0 2429.0 3352.0 4332.0 5374.0 1526.0 2382.0 3300.0 4276.0
141.44 147.7 182.2 195.38 203.3 234.5 305.56 334.9 345.3 366.4 432.7 466.47 494.2 499.22 519.58 573.9 662.1 694.7 711.22 802.0 821.13 892.9 943.32 955.32 976.0 1030.1 1048.7 1099.2 1197.29 1291.99 1310.5 1386.4 1445.39 1462.7 1478.39 1587.0 1618.3 1740.02 1818.52 1871.5 1945.1 1979.2 1990.12 2048.1 2166.7 2196.3 2222.7 2263.9 2294.37 2348.74 2458.6 2535.5 2538.57 2564.4 2612.2 2709.1 2730.16 2753.44 2789.7 2956.62 3039.3 3180.34 3195.9 3200.9 3233.5 3249.3 3417.2 3436.5 3476.2 3682.4 3705.2 3736.2 3815.9 3854.9 3970.0 3981.0 4011.4 4269.8 4323.7 4457.2 4484.0 4579.2 4613.7 4647.2 4888.5 4998.5 5153.3 5220.6 5325.7 5366.0 5539.4 5743.7 5899.6 5904.0 6101.5 6150.8 6236.0 6544.1 6632.0 6707.5 6987.9 6997.6 7389.2 7439.0 7562.8 7837.4 7870.6 8275.2 8330.7 8470.3 8755.1 8800.9 9195.1 9305.7 9432.6 9774.9
34.37 57.2 60.5 136.0 341.1 399.0 434.7 543.9
19.6 107.3 122.0 140.04 155.9 189.6 233.9 244.0 300.8 305.3 315.28 331.83 400.5 433.6 446.7 470.5 479.0 494.18 577.0 658.9 663.8 704.27 744.3 761.6 858.7 886.2 934.11 947.8 1000.6 1112.1 1159.5 1172.8 1181.2 1318.2 1376.6 1411.6 1425.4 1444.31 1620.0 1656.0 1671.0 1720.23 1828.4 1925.2 1947.6 2007.96 2157.0 2214.8 2246.0 2299.4 2370.7 2532.1 2580.58 2693.8 2703.9 2800.7 2823.18 2886.9 2989.6 3044.1 3070.2 3254.9 3285.48 3289.0 3523.4 3532.4 3582.3 3774.3 3812.98 3855.9 4046.0 4096.4 4273.9 4339.7 4347.3 4417.5 4508.9 4656.2 4735.5 4910.2 4986.2 5093.5 5107.3 5213.9 5349.1 5443.1 5606.4 5705.5 5833.8 5872.3 5967.0 6116.8 6213.3 6365.6 6490.3 6631.5 6689.3 6771.0 6952.3 7036.3 7183.1 7333.6 7471.0 7523.3 7625.0 7854.2 7876.1 8056.7 8232.9 8341.6 8382.5 8529.0 8747.1 8982.7 9187.9 9266.1 9374.1 10195.9 10245.1

29.0 43.0 97.4 113.8 123.5 140.7 157.5 186.2 225.1 260.6 270.6 288.5 328.4 329.7 414.6 439.1 439.7 449.2 492.9 508.4 546.1 568.7 575.9 610.2 628.9 683.4 733.3 763.1 836.4 842.1 844.7 895.7 936.4 977.6 1031.6 1060.4 1151.3 1235.1 1243.8 1288.0 1298.5 1423.1 1462.0 1549.3 1697.2 1698.0 1746.7 1810.4 1935.0 1955.9 2080.9 2196.5 2258.9 2357.8 2504.9
44.5 79.8 91.1 92.89 98.49 114.87 116.0 123.7 164.71 170.0 175.8 176.7 198.37 212.5 244.81 259.5 270.9 283.85 295.5 304.08 349.0 407.47 425.5 436.9 440.7 470.24 504.6 590.3 633.2 753.2 785.46 801.7 814.6 823.5 846.9 923.2 967.3 1082.2 1161.4 1211.1 1335.9 1426.6 1611.0 1651.1 1661.5 1900.4 1965.6 2170.3 2211.1 2222.6 2533.6 2580.1 2735.0 2873.7 2876.2 3226.3 3266.1 3355.5 3596.7 3601.8 3967.8 4018.6 4033.3 4353.1 4403.8 4737.8 4769.0 4830.6 5141.1 5557.2 5992.1 6404.0 7307.1 8242.1
71.2 72.9 122.0 159.2 206.3 208.2 220.8 269.1 295.6 333.9 336.5 365.0 379.4 394.7 440.2 469.2 519.3 559.3 593.8 607.2 612.4 620.0 634.5 662.2 670.9 742.9 788.5 842.4 850.0 875.2 910.0 915.2 933.6 942.6 951.8 969.3 1043.0 1086.2 1111.3 1162.2 1193.8 1204.5 1248.1 1275.9 1321.6 1321.8 1329.3 1341.4 1367.6 1382.2 1418.6 1499.9 1505.5 1534.2 1558.1 1573.7 1600.3 1614.7 1620.8 1701.9 1761.8 1762.2 1770.8 1788.0 1838.8 1841.4 1903.0 1949.1 2017.0 2018.3 2022.6
41.86 65.79 109.41 109.85 111.13 168.0 179.85 191.6 196.58 204.0 213.57 232.33 237.32 244.7 252.2 290.0 399.3 434.0 576.8 602.0
117.181 123.672 128.343 198.47 258.56 263.306 356.996 358.7 423.62 425.317 428.1 434.912 448.98 451.1 552.093 570.8 576.32 580.08 606.69 611.4 654.36 715.3 721.54 734.64 777.9 820.13 820.97 883.52 889.225 912.03 941.69 948.92 957.77 975.15 981.807 1003.398 1051.49 1074.71 1092.45 1097.4 1111.87 1129.66 1154.55 1162.432 1192.67 1246.52 1287.29 1302.08 1316.24 1332.87 1334.047 1359.26 1361.2 1408.75 1475.2 1520.9 1573.89 1574.7 1579.1 1836.9
44.6966 111.753 170.83 200.297 240.818 259.534 281.168 302.45 311.205 320.111 320.29 365.183 367.55 382.875 414.37 420.664 431.41 432.88 442.015 445.431 453.82 456.5 481.003 491.35 507.75 522.42 531.12 531.3 537.41 561.21 575.662 591.3 594.244 595.567 619.167 621.08 630.12 635.4 652.32 654.43 659.1 672.04 676.73 683.47 689.05 689.18 747.6 755.3 766.366 771.98 773.89 779.11 782.3 800.57 805.6 838.03 842.79 843.12 859.9 868.97 877.4 878.2 895.2 926.9 960.56 961.16 979.6 997.9 1005.4 1007.03 1012.64 1033.73 1063.46 1126.08 1169.47 1186.27 1196.72 1247.17 1370.5 1403.78 1405.73 1481.7 1635.02 1882.8
113.804 251.463 343.41 353.3 396.327 412.49 432.8 514.76 529.22 546.4 562.4 595.42 626.63 632.84 672.94 684.3 685.28 757.44 773.54 798.0 800.09 863.3 886.4 990.25 999.0 1019.69 1024.55 1063.4 1150.8 1167.1 1219.1 1268.81 1285.1 1530.93 1810.91 2106.0
184.13 194.372 233.117 235.776 236.926 299.357 305.277 338.856 372.5 381.358 386.584 388.9 424.891 433.042 437.34 450.12 463.77 487.64 487.84 504.89 533.1 563.94 591.78 595.75 613.43 635.21 637.79 650.18 657.14 658.44 687.87 693.8 695.7 709.23 710.07 715.43 722.92 724.71 725.22 734.03 734.37 751.89 758.4 763.63 765.68 772.06 780.19 786.27 788.22 792.26 796.64 832.41 834.81 838.62 843.42 848.25 851.24 854.67 860.56 866.37 868.1 870.0 871.27 883.47 903.7 908.25 909.6 921.47 930.76 938.4 941.08 945.03 957.75 957.89 959.2 960.19 962.85 972.52 973.76 985.57 988.17 990.0 1000.84 1002.78 1015.37 1019.93 1029.69 1032.38 1042.53 1046.2 1067.42 1068.99 1100.41 1104.6 1120.2 1142.3 1163.9 1227.8 1237.4 1241.0 1274.5 1277.7 1301.4 1370.7
121.6211 150.392 268.785 288.999 440.6424 451.491 457.96 552.09 569.66 573.6 636.2027 637.084 671.92 709.57 720.77 761.66 795.21 811.4 816.67 844.88 854.3066 956.27 956.65 957.29 970.1749 980.18 985.27 1049.49 1073.59 1088.58 1093.67 1149.7 1176.77 1201.6 1230.61 1241.4 1286.89 1303.05 1305.22 1322.01 1337.1 1344.77 1356.93 1389.61 1502.59 1544.1 1563.9 1623.15 1749.65
41.0 390.8
592.4 653.4 916.7 1064.1 1204.8 1556.5 1586.2
172.9 439.0 547.8 933.4 967.6
