154 184
1513.0 2011.0 2146.0 2457.0 2671.0


111.0 954.1 1589.9 1859.7 2294.4 2682.3 2705.9 2796.8 2805.1 2875.4 3292.4 3561.4 3660.9 3938.4 4185.8 4216.9 4224.9 4757.5 4798.0 5020.2 5416.0 5815.1 6106.9 6499.4
610.0 1250.0

389.6 898.5 1493.7 2147.8 2255.5 2714.2 2748.0 2815.0 3026.6 3475.5 3530.1 4077.9 4121.6 4735.6 4748.0 5416.0 5506.6 6284.4 7000.7
333.1 808.8 1369.1 1995.7 2416.2 2673.5 2767.3 3317.1 3402.4 3950.5 4191.7 4653.5 4947.0 5682.6 6425.6
285.0 729.5 1292.8 1649.3 1735.1 1940.1 2038.7 2117.7 2439.0 2488.5 2575.8 2623.2 2635.4 2818.6 3030.6 3185.4 3247.5 3386.2 3566.8 3580.4 3811.5 3996.7 4067.5 4237.8 4489.4 4554.7 4652.5 4973.8 5167.8 5250.9 5310.3 5775.8 5806.6 6035.3 6064.8 6594.3 6827.7 6834.3 7421.8 7583.0 7688.8 7793.9 8357.4 8482.8 8665.4 9184.8 9279.3 10143.0 11073.7 12058.0 13101.6 14178.0
255.4 689.9 1253.7 1816.8 1912.3 2171.0 2512.2 2642.0 2981.3 3405.5 3581.2 4120.2 4289.4 4813.3 5077.4 5554.1 5940.2 6360.0 6903.0 7234.1
210.7 587.1 620.2 816.0 1072.7 1085.1 1237.6 1352.6 1458.0 1486.2 1520.8 1614.4 1668.7 1675.7 1836.1 1946.7 2244.8 2301.7 2304.0 2575.7 2698.3 2870.9 2961.3 2994.5 3155.5 3209.7 3493.4 3617.8 3677.8 3700.4 4128.8 4262.0 4335.2 4765.9 4938.6 5009.2 5358.7 5668.9 5698.6 5981.5 6334.8 6544.1 6672.7 7061.3 7442.8 7457.7 7872.6 8291.7 8435.8 8763.6 9215.2 9322.8 9725.6 10178.4 10189.9 11161.0 11219.3
76.0 219.0 335.0 531.0 533.0 716.0 938.0 955.0 1225.0 1436.0 1468.0 1733.0 1826.0 1873.0 2018.0 2067.0 2075.0 2315.0 2339.0 2424.0 2472.0 2486.0 2729.0 2760.0 2840.0 2870.0 2960.0 3168.0 3266.0 3363.0 3406.0 3455.0 3561.0 3843.0 3851.0 3989.0 4111.0 4277.0 4514.0 4533.0 4718.0 4832.0 5088.0 5260.0 5272.0 5536.0 5614.0 5937.0 6079.0 6962.0 7915.0
158.5 470.3 694.5 810.1 851.7 896.9 908.5 1006.1 1022.6 1064.7 1163.6 1213.0 1332.4 1406.4 1447.1 1466.3 1551.8 1726.3 1841.1 1971.9 2078.5 2197.3 2496.7 2539.7 2565.8 2734.6 2910.9 2962.2 3009.2 3211.1 3375.1 3449.0 3472.6 3835.2 3920.3 4009.2 4030.1 4459.3 4516.0 4625.2 4671.0 5089.6 5121.7 5253.3 5409.9 5678.8 5851.7 5926.9 6201.2 6356.4 6665.5 7030.1 7137.4 7481.1 7894.7 8017.3 8375.4 8800.7 8980.0 9337.8 9753.5 9991.2 10330.0 10747.5
92.2 207.2 349.1 355.3 401.1 504.7 692.4 706.6 766.8 883.7 1120.8 1151.6 1253.5 1323.8 1561.3 1618.2 1705.0 1797.1 1832.0 1995.2 2148.3 2244.8 2289.5 2332.4 2339.0 2441.8 2480.1 2695.2 2758.1 2769.4 2810.9 2868.9 2937.8 3006.0 3180.5 3206.7 3260.8 3288.0 3416.9 3452.7 3502.8 3666.8 3787.8 3872.9 3874.8 3922.3 4103.0 4142.0 4334.8 4437.0 4525.7 4627.7 4672.9 4822.0 4851.3 5083.7 5152.0 5237.0 5430.0 5491.0 5599.0 5624.0 5922.0 5927.0 6250.4 6458.0 6766.0 6837.0 7104.5 7355.0 7667.0 7807.0 8014.0 8315.0 8630.0 8811.0 9644.0 9839.0 10687.0 10878.0 11941.0
124.0 385.6 756.9 875.4 941.6 1030.6 1057.9 1159.5 1213.6 1216.5 1284.3 1372.4 1407.3 1567.9 1735.6 1793.7 1813.2 1992.3 2066.7 2081.9 2155.5 2193.2 2305.6 2322.0 2466.6 2473.8 2553.1 2646.6 2828.0 2857.0 2937.6 2976.9 2989.8 3269.0 3309.9 3442.0 3452.7 3623.8 3777.2 3831.9 3989.4 3989.7 4322.4 4335.8 4439.5 4578.2 4579.4 4933.8 5049.1 5123.9 5199.0 5214.7 5574.1 5763.1 5855.1 5874.9 5895.3 6268.7 6567.7 6629.4 6687.5 7029.2 7348.6 7424.9 7562.8 7662.5 7860.6 8199.5 8501.9 8762.7 9116.4 9501.3 9730.6 10093.3 10552.0 10756.6 11119.8 11639.0 11828.5 12182.3 12743.5 12932.0 13258.0 14346.0 1399.2 2169.8 2993.9 3871.2 4802.6 5787.0 6828.4 7925.8 9079.3 10294.0 11567.0 1586.4 2455.8 3362.5 4309.5 5299.5 6340.0 7437.2 8595.2 9816.0 11101.0 1673.3 2583.6 3544.2 4560.8 5635.8 6771.4 7966.0 9222.0
28.8 34.7 38.18 59.2 77.7 102.0 142.6 158.8 177.2 288.7 302.7 309.1 361.2 442.9 444.3 613.9 622.2 639.8 687.5 790.5 820.5 998.4 1077.7 1110.9 1201.7 1443.6 1605.7 1616.3 1662.3 1941.2 2152.5 2186.0 2208.4 2484.7 2801.6 2871.4 3451.1 4138.0 4856.0
100.8 321.99 642.9 879.6 961.3 987.0 1043.1 1087.59 1156.6 1219.6 1227.3 1372.9 1445.0 1505.2 1725.9 1773.8 1799.5 1966.8 2016.1 2109.3 2183.8 2476.6 2483.5 2567.0 2689.1 2878.5 2931.9 3094.4 3151.3 3324.4 3429.7 3532.4 3577.6 3766.5 3834.1 3965.0 4093.5 4123.2 4138.0 4364.1 4394.4 4421.0 4529.0 4714.9 4751.0 4986.4 4994.3 5125.9 5130.3 5343.1 5638.1 5653.9 5769.7 5902.6 6014.8 6339.2 6370.3 6476.3 6738.4 6744.4 7106.5 7140.7 7251.6 7542.5 7635.5 7944.6 7967.6 8098.9 8410.5 8589.9 8851.5 8853.9 9016.5 9343.8 9598.1 9799.4 10001.9 10653.6
22.2 49.7 61.9 88.9 102.8 141.8 146.0 244.9 255.1 258.9 278.0 382.2 399.2 492.6 494.1 506.3 508.6 512.1 537.3 554.6 560.2 561.0 565.2 592.4 625.1 710.0 716.3 742.1 767.7 789.0 832.5 838.9 866.1 867.6 899.1 940.4 1001.2 1007.6 1077.1 1145.4 1153.9 1234.7 1257.6 1306.1 1380.1 1632.1 1645.2 1661.5 1688.7 1698.5 1794.1 1827.8 1878.6 1977.3 1984.7 2161.0 2184.4 2196.4 2254.9 2371.2 2425.8 2610.4 2712.4 2753.0 2875.9 2914.3 3092.4 3165.1 3283.8 3357.0 3475.8 3629.3 3806.5 3819.5 3904.6 3999.0 4155.3 4390.7 4583.4 4593.3 4679.0 5201.0 5322.0 5378.0 6063.0 6121.0 6178.0 6981.0 7902.0 8882.0 9917.0 11002.0
95.22 309.24 628.33 871.3 952.43 1031.06 1037.47 1075.29 1129.52 1180.87 1295.6 1304.66 1335.66 1359.33 1372.85 1394.0 1397.48 1418.55 1462.88 1471.73 1482.27 1495.78 1503.51 1521.22 1534.3 1574.9 1597.62 1600.63 1621.5 1639.69 1677.0 1684.46 1684.73 1722.8 1727.49 1738.9 1791.04 1852.48 1856.78 1878.16 1965.15 1968.09 2005.84 2034.4 2064.67 2093.68 2095.5 2155.5 2186.28 2235.94 2246.5 2329.83 2336.94 2416.4 2426.36 2450.8 2488.2 2584.6 2598.26 2607.7 2611.91 2654.11 2760.25 2777.5 2823.1 2855.2 2900.4 3050.23 3060.0 3085.5 3277.2 3285.7 3305.1 3355.75 3449.0 3643.1 3673.0 3858.1 3919.4 3997.4 4061.8 4264.2 4492.3 4575.9 4730.8 4942.1 5183.9 5274.3 5670.2 5931.0 6032.3 6445.2 6724.9 6849.0 7275.2 7312.1 7724.7 8106.4 8149.2 8642.7 8954.3 9070.2 9600.7 9860.0 10594.7 10823.0 11611.7 11841.0 12643.7
69.73 81.49 107.16 197.23 197.47 241.9 255.51 262.14 312.27 336.0 435.4 451.5 508.6 536.0 567.4 613.7 635.8 704.2 775.2 785.3 797.5 811.7 862.2 895.0 896.0 927.5 942.8 958.3 1002.6 1020.1 1060.0 1078.3 1111.4 1126.9 1192.6 1208.4 1225.8 1248.5 1294.4 1317.5 1330.5 1355.2 1450.2 1467.2 1473.2 1498.1 1521.0 1574.1 1655.5 1667.3 1694.5 1700.5 1722.3 1796.4 1812.9 1817.3 1822.4 1832.5 1982.1 1989.5 2006.5 2014.3 2145.3 2191.0 2223.1 2263.6 2354.2 2357.9 2392.7 2397.8 2464.8 2539.4 2596.2 2601.6 2617.6 2729.3 2814.7 2818.3 2865.5 2969.6 3001.5 3015.0 3028.2 3070.5 3094.7 3105.2 3159.4 3251.5 3320.0 3346.9 3382.7 3474.8 3625.5 3640.0 3642.2 3643.1 3660.9 3685.5 3701.9 3811.1 3954.5 3959.0 3976.6 3982.6 4166.1 4256.4 4298.9 4314.0 4324.6 4342.6 4414.6 4616.2 4661.0 4703.5 4717.0 4930.4 4985.0 5070.0 5166.7 5312.8 5493.7 5664.0 5970.2 6070.2 6330.1 6826.3 6885.0 7204.0
90.985 297.38 608.26 828.13 900.24 1009.6 1062.17 1226.77 1303.36 1307.4 1308.69 1319.4 1336.48 1394.6 1425.24 1442.66 1448.85 1485.9 1496.36 1503.29 1508.2 1549.3 1561.72 1626.0 1627.4 1630.5 1634.4 1642.15 1648.33 1650.6 1658.41 1713.5 1722.43 1737.4 1767.66 1779.9 1797.5 1798.0 1827.4 1838.14 1861.78 1904.4 1910.0 1928.4 1937.46 1943.9 1948.1 1963.4 1972.06 1981.5 2016.7 2020.5 2026.3 2028.0 2030.25 2084.35 2119.0 2124.56 2135.43 2167.1 2180.0 2276.87 2279.2 2295.7 2299.4 2319.2 2331.5 2338.51 2353.99 2379.22 2402.8 2421.98 2429.6 2431.2 2441.85 2447.41 2486.1 2487.73 2489.35 2491.7 2505.25 2515.6 2529.97 2554.6 2592.21 2597.5 2609.5 2641.0 2653.82 2684.85 2700.3 2700.8 2729.84 2744.2 2767.9 2772.0 2791.42 2792.98 2823.6 2847.4 2854.35 2859.21 2931.76 2932.7 2958.72 2972.4 2983.3 2992.5 3046.24 3087.9 3090.16 3106.0 3117.4 3157.02 3180.7 3191.1 3208.9 3230.06 3248.01 3260.2 3269.0 3280.2 3296.3 3300.24 3301.8 3311.7 3449.7 3500.4 3545.5 3680.5 3795.6 3857.3 3885.9 4048.0 4065.7 4358.1 4550.8 4656.0 5291.0 5359.0 6062.7 6164.7 6890.0 7027.0
81.5 125.93 185.92 196.43 207.48 213.42 258.0 312.53 335.3 348.35 375.52 406.1 436.1 460.6 474.97 566.4 629.0 629.8 644.12 654.4 698.6 711.2 732.6 797.59 807.3 819.0 866.8 897.0 910.2 997.7 1024.9 1027.2 1060.1 1075.7 1082.4 1124.3 1205.94 1224.88 1248.58 1253.5 1322.6 1375.0 1433.5 1455.7 1466.3 1468.7 1476.8 1497.3 1523.0 1545.7 1547.6 1606.24 1642.7 1647.1 1658.91 1735.6 1746.8 1756.8 1766.4 1793.29 1802.9 1818.37 1825.79 1836.7 1887.8 1893.87 1904.7 1954.2 1999.3 2033.0 2046.1 2081.8 2114.4 2195.8 2321.7 2360.2 2432.2 2458.8 2579.1 2626.6 2634.4 2638.3 2677.8 2742.1 2933.1 2939.7 3015.8 3044.5 3292.0 3305.7 3629.6 3819.0 3977.9 4157.0 4344.0 4505.0 4636.0 4727.0 5123.0 5531.0 5948.0 6371.0 6510.0 6794.0 7455.0
88.351 290.18 596.82 997.74 1149.94 1226.63 1247.68 1293.12 1313.35 1333.06 1341.31 1379.37 1390.19 1404.56 1412.93 1445.8 1481.07 1505.81 1508.57 1532.6 1540.3 1559.3 1577.56 1591.5 1628.55 1643.43 1653.06 1672.34 1675.95 1699.91 1704.6 1710.43 1722.05 1727.8 1732.45 1761.46 1766.89 1767.53 1784.9 1785.06 1786.12 1793.6 1797.98 1798.4 1815.2 1818.92 1853.96 1856.99 1860.06 1862.0 1862.8 1866.5 1902.42 1912.02 1914.12 1924.57 1926.67 1930.77 1932.7 1944.47 1949.71 1958.19 1964.2 1992.65 2014.24 2023.93 2031.02 2034.67 2044.78 2048.57 2066.25 2085.68 2085.84 2096.9 2106.5 2112.88 2116.8 2136.47 2147.61 2160.5 2173.8 2193.98 2258.7 2261.54 2265.28 2280.83 2284.8 2293.8 2294.8 2304.7 2307.77 2308.33 2318.7 2398.96 2405.36 2432.33 2452.46 2470.85 2482.87 2540.9 2563.48 2568.42 2602.17 2638.1 2646.6 2762.51 2791.62 2817.56 2826.9 2866.0 2878.23 2885.51 2905.67 2912.27 2920.26 2921.04 2944.18 2969.07 3080.4 3160.7 3266.4 3308.0 3467.7 3540.4 3787.4 3847.6 4010.8 4120.6 4179.4 4376.7 4467.0 4532.3 4766.5 4827.0 4863.6
112.9499 249.6744 321.3163 409.4086 426.6752 508.1 555.178 559.4 591.318 604.4 708.4622 745.9 794.4394 805.7 847.4 873.0 882.8611 948.0 1002.8 1017.791 1057.8 1086.966 1260.282 1301.4 1315.45 1520.5 1561.1 1592.7 1798.3 1887.8 2091.4 2199.3 2526.0 2740.0
93.18 306.619 632.177 1058.556 1147.423 1174.63 1199.388 1260.25 1268.536 1276.688 1310.068 1322.464 1362.55 1364.091 1384.461 1409.441 1433.624 1434.21 1443.939 1450.361 1479.036 1496.42 1512.593 1513.61 1513.832 1533.151 1538.79 1553.998 1561.533 1566.667 1571.0 1601.473 1635.602 1636.729 1639.757 1640.452 1648.84 1651.46 1654.1 1691.076 1697.5 1731.064 1741.7 1747.101 1758.145 1772.19 1781.261 1788.598 1803.388 1808.272 1818.281 1857.149 1859.112 1862.203 1863.711 1869.842 1891.306 1913.617 1917.436 1939.1 1942.009 1947.949 1952.1 1953.134 1953.683 1956.42 1986.452 1997.46 2007.563 2013.547 2021.185 2025.8 2027.568 2050.484 2068.037 2099.87 2118.6 2136.513 2137.4 2150.7 2155.6 2183.4 2202.4 2272.6 2365.5 2433.326 2433.9 2446.05 2474.7 2485.2 2552.6 2557.8 2573.5 2631.4 2700.5 2737.5 2749.1 2777.6 2865.8 2898.7 2957.6 3100.5 3112.8 3436.2 3909.5 4120.6 4210.4 4325.1 4377.9 4593.1 4781.8 4873.6 4914.7 5010.0 5282.8 5388.5
122.7909 214.3406 268.85 337.7183 375.0367 420.8952 438.64 476.3355 487.71 518.3301 582.231 614.205 616.7573 631.33 679.518 681.037 701.0562 720.614 742.711 788.186 848.39 849.202 870.225 935.645 1003.65 1073.563 1078.349 1084.85 1105.84 1120.78 1150.41 1168.96 1185.847 1199.5 1235.44 1249.552 1269.445 1296.3 1313.499 1433.187 1436.352 1458.997 1482.03 1532.275 1572.56 1614.124 1668.955 1687.13 1706.066 1715.934 1725.787 1731.438 1755.346 1755.84 1757.72 1762.91 1783.14 1800.51 1811.5 1821.19 1846.3 1851.502 1861.235 1913.469 1928.845 1945.865 2043.7 2050.8 2070.7 2081.0 2088.4 2092.9 2143.4 2150.3 2182.6 2215.6 2228.27 2249.6 2254.2 2309.2 2366.9 2394.2 2414.9 2425.3 2451.0 2460.3 2475.5 2509.5 2522.7 2601.2 2610.7 2638.3 2653.1 2702.9 2742.8 2905.2 2983.3 3077.2 3149.1 3179.6 3345.2 3347.7 3409.4
93.326 308.582 640.859 1083.93 1102.0 1107.6 1141.48 1164.08 1183.4 1192.6 1199.7 1260.67 1291.01 1300.35 1315.8 1354.1 1369.62 1374.33 1381.56 1409.24 1409.4 1421.1 1429.78 1472.26 1482.64 1484.42 1539.25 1557.0 1559.26 1597.51 1607.64 1609.35 1613.06 1630.6 1633.5 1636.9 1659.0 1687.0 1700.81 1709.1 1724.79 1725.3 1738.6 1742.73 1743.32 1787.1 1813.87 1818.57 1821.3 1828.2 1863.86 1904.2 1909.69 1926.4 1933.2 1937.2 1945.17 1948.6 1959.3 1995.2 2017.8 2022.5 2034.39 2075.4 2078.3 2146.9 2151.45 2152.1 2173.9 2200.9 2215.7 2242.5 2245.9 2252.5 2261.5 2272.6 2276.3 2292.8 2316.67 2320.7 2334.3 2341.2 2369.0 2389.0 2413.3 2465.5 2473.3 2477.07 2504.3 2549.3 2561.3 2680.01 2682.3 2706.4 2742.0 2771.9 2784.0 2797.7 2806.0 2840.2 2849.1 2858.6 2873.2 2913.5 2999.8 3021.6 3049.0 3058.0 3083.3 3089.6 3100.7 3124.1 3131.6 3153.1 3163.5 3174.7 3183.9 3200.5 3215.7 3253.3 3259.1 3303.7 3317.3 3330.6 3338.6 3416.1 3428.7 3442.8 3468.8 3483.3 3489.1 3499.7 3515.6 3526.6 3596.5 3608.1 3625.2 3640.5 3653.7 3672.1 3681.0 3751.3 3848.4 3855.5 3869.6 3880.4 3908.4 3926.4 3957.4 3974.5 3987.6 3992.4 4003.0 4137.7 4332.1 4356.0 4423.0 4809.3 4853.6 4915.9 4964.0 5047.9 5057.6
45.88 98.6 204.4 251.82 329.4 440.5 663.8 904.3 1045.6 1087.0 1117.5 1153.9 1231.1 1322.9 1424.9 1453.3 1494.4 1617.6 1630.5 1683.4 1717.1 1737.7 1770.7 1805.0 1843.9 1896.0 1941.6 2033.6 2195.5 2216.0
97.79 322.18 666.28 818.4 905.9 1122.08 1172.88

107.4 349.8 717.4 1199.3
