164 185
111.5

125.8 298.3 350.4 395.9
94.4 98.7 204.6 214.4 232.83 254.1 289.0 289.7 374.4 392.0 472.3 496.57 503.0 567.4 574.4 611.2 663.0 741.2 790.9 853.4 959.7 1036.3 1217.4 1285.4 1287.7 1527.1 1557.7 1680.1 1820.7 1891.7 2089.9 2144.4 2215.6 2329.1 2375.7 2513.4 2549.2 2567.6 2670.2 2775.5 2782.3 2798.2 2837.7 2969.9 3031.3 3122.3 3213.9 3265.0 3381.0 3390.9 3429.0 3530.2 3723.6 3820.2 3977.0 3992.9 4145.2 4308.4 4481.6 4608.0 4622.0 4851.6 4925.6 5225.0 5623.6 6025.7 6437.8 6864.5 7281.2
178.4 352.3 224.7 388.3 565.8 802.2 1038.9 1326.1 1612.3 1932.1 2256.7 2588.1 2929.5 3240.4 3575.8 3882.0 317.4 532.7 744.0 1012.3 1260.5 1567.4 1843.0 2171.0 2460.3
107.4 331.0 667.6 1106.2 1629.8 2222.8 2864.6 3473.9 4041.9 4707.3
121.31 130.75 139.9 211.4 273.09 297.56 316.2 413.3 446.7 488.7 516.2 649.7 712.1 772.5 865.2 919.4 954.4 1111.9 1212.5 1221.5 1360.9 1415.2 1505.5 1642.4 1727.0 1804.2 1916.1 1992.4 2113.3 2222.9 2311.8 2436.3 2511.0 2639.1 2761.6 2835.3 3091.8 3129.5 3343.3 3470.7 3775.0 4098.1
52.1 94.6 113.6 183.1 236.3 253.1 291.7 336.4 367.2 414.6 510.0 527.9 530.8 589.8 598.2 700.5 709.7 798.8 906.1 917.5 978.7 1014.9 1124.4 1137.1 1243.9 1354.4 1379.6 1443.6 1482.4 1595.2 1625.7 1734.1 1846.5 1891.3 1968.2 1986.1 2108.8 2155.9 2257.7 2380.6 2435.4 2494.9 2538.2 2664.7 2712.7 2807.7 2954.1 2990.8 2995.7 3146.7 3260.3 3269.5 3370.7 3521.2 3557.0 3569.3 3796.7 3808.4 3887.5 4107.6 4198.1 4495.7 4543.1 4743.7 5248.9 5430.9 6057.4 6169.0 6920.0 6958.7 7799.9 7835.1 8691.2 8801.0 9634.6 9817.0
38.9 91.3 93.0 127.1 260.1 264.8 370.6 462.3 486.6 514.5 519.8 533.1 549.9 584.6 586.3 607.6 625.6 850.6 1248.4 1704.2 2212.4 2771.9 3386.2 4057.7 4785.7 252.4 415.2 603.6 814.6 1045.6 1297.6 1568.0 1853.0 2155.5 2469.5 2798.4 3133.8 3470.7 203.7 322.2 491.8 642.3 868.5 1051.4 1331.8 1549.3 1876.8 2133.3 2496.8 2797.8 3186.8 3537.3
83.43 109.52 130.19 165.88 245.86 260.37 269.94 305.85 324.54 408.27 414.5 471.83 560.7 590.22 593.4 623.54 634.0 661.34 785.55 801.28 874.2 877.0 887.1 950.7 997.6 1026.2 1105.2 1224.7 1271.0 1294.0 1304.0 1357.9 1431.8 1464.8 1526.8 1621.9 1713.5 1716.9 1800.9 1824.0 1875.0 1906.0 1980.7 1995.2 2068.3 2194.1 2255.3 2354.4 2499.4 2541.2 2631.4 2801.4 2839.3 3107.4 3148.3 3324.3 3381.5 3468.3 3640.4 3797.9 4029.7 4131.3 4727.2
4.79 50.679 59.73 77.0 98.3 119.58 141.87 157.09 157.5 163.94 202.24 219.6 240.72 249.97 297.37 302.28 312.44 321.7 365.98 383.48 428.76 461.13 493.16 502.26 534.59 548.44 549.74 590.06 650.37 703.79 726.93 739.31 742.21 832.83 863.17 885.41 927.42 940.92 956.82 960.9 1097.13 1140.13 1170.91 1176.63 1201.92 1256.25 1305.91 1350.24 1414.28 1431.41 1435.11 1466.55 1620.55 1628.42 1706.12 1714.81 1750.54 1758.97 1806.91 1905.7 1953.93 1997.39 2013.34 2055.8 2201.04 2204.33 2301.88 2322.29 2336.31 2374.73 2383.69 2514.23 2569.62 2617.98 2646.78 2715.68 2835.26 2852.1 2927.68 2976.97 2983.7 3025.2 3062.86 3166.59 3241.15 3254.0 3307.1 3433.9 3508.71 3558.9 3575.73 3621.3 3694.93 3711.5 3770.4 3777.38 3802.9 3861.6 3886.2 4000.01 4198.34 4220.74 4233.0 4246.57 4364.87 4442.8 4456.46 4463.64 4569.55 4585.42 4595.6 4605.78 4801.4 4998.33 5216.32 5218.4 5274.16 5408.78 5650.61 6127.79 6139.73 6149.0 6558.61 7096.7 7524.5
36.404 51.376 123.84 129.75 131.5 142.58 218.1 276.37 276.62 284.35 296.3 339.2 436.17 446.71 461.41 571.0 619.8 640.63 658.43 826.2 857.3 872.7 943.0 1052.0 1093.8 1102.1 1297.6 1342.3 1351.1 1405.1 1557.6 1567.8 1593.1 1621.3 1832.0 1849.5 1910.5 1949.7 2115.4 2116.8 2207.5 2393.0 2405.9 2568.6 2679.6 2979.0 3248.0 3287.0 3610.0 3946.0 3989.0 4295.0 4781.0 5514.0 6265.0 7087.0 7998.0
46.0 69.5 100.2 103.0 133.8 184.3 186.8 193.8 195.1 249.8 384.3 554.8 753.9 979.0 1227.2 1372.6 1497.2 1556.8 1787.2 1814.6 2097.0 2109.2 2420.4 2428.8 2763.0 2767.6 2774.8
70.45 73.6 131.0 172.2 186.1 216.6 220.2 245.8 288.6 300.3 372.5 391.8 402.5 454.3 470.5 487.6 497.4 572.9 587.2 632.1 640.0 659.1 675.6 690.2 805.3 832.9 865.0 901.5 948.2 1011.7 1044.1 1044.7 1053.7 1094.0 1146.9 1253.0 1303.1 1355.4 1452.5 1476.2 1487.7 1512.3 1543.4 1577.9 1626.3 1696.4 1698.8 1835.3 1921.0 1947.8 1970.3 2037.8 2099.1 2272.1 2529.0 2827.5
198.3 220.1 289.5 392.8 418.4 422.9 459.4 567.3 645.3 648.8 657.9 768.2 857.0 886.2 993.9 1143.7 1242.9 1417.1 1470.6
30.7 133.78 180.79 238.56 294.65 343.95 356.19 477.19 481.25 520.23 527.52 555.58 627.99 636.7 673.01 691.87 696.0 741.4 750.2 777.7 781.18 820.96 924.59 938.0 987.6 1020.19 1028.5 1044.88 1176.97 1252.61 1256.1 1281.8 1317.3 1327.9 1389.0 1414.4 1446.8 1503.4 1542.5 1557.9 1591.2 1602.3 1628.8 1730.3 1738.0 1765.7 1833.1 1848.0 1848.7 1880.5 1881.2 1884.8 1899.7 2026.4 2043.8 2058.8 2145.2 2162.4 2197.9 2219.2 2305.1 2329.9 2331.5 2433.7 2450.3 2513.6 2530.5 2560.9 2631.7 2639.3 2641.3 2654.1 2757.0 2792.7 2863.7 2881.5 2921.3 2928.7 2936.4 2955.2 3049.7 3057.0 3071.7 3163.0 3185.1 3227.4 3250.8 3252.1 3266.8 3394.6 3443.8 3480.8 3637.5 3736.2 3737.7 3758.1 3932.0 4041.1 4101.4 4402.1 4464.8 4471.6 4865.1 4890.7 5225.3 5390.6
176.0
6.238 136.266 158.55 301.62 337.54 482.182 495.19 542.51 615.21 619.05 716.67 772.97 964.97 1027.88 1239.48 1307.06 1403.4 1539.24 1554.0
16.263 97.8325 114.3152 150.14 163.039 173.2428 237.2883 249.971 269.035 270.4033 292.9415 316.399 334.619 360.519 364.347 390.144 396.337 402.623 411.296 443.607 475.555 480.035 488.266 491.424 505.591 519.572 547.096 558.285 565.69 571.635 579.428 581.198 583.269 592.957 628.425 647.428 647.649 651.21 652.37 659.858 666.148 673.004 701.968 719.55 723.978 740.13 749.088 776.4 781.392 782.533 805.07 817.016 835.285 856.053 939.629 960.411 960.527 1116.04 1336.84
73.174 143.2 368.29 459.07 545.57 572.815 730.92 735.06 806.42 856.929 940.19 948.64 960.07 971.47 1030.28 1127.81 1150.77 1543.41 1784.32
47.9 89.3 228.4 272.3 453.3 617.2
164.5
