162 187
450.0

332.7 823.7 1431.5 2118.2 2833.3 3441.3 3834.0 4342.6 4907.5 5529.2 6196.1 6907.4 7672.5 8471.7 9296.7
43.0 72.0 277.3 732.3 1032.9 1304.4 1546.6 1860.3 1948.9 1952.2 1956.3 2302.7 2445.6 2511.2 2602.4 2649.5 2860.3 3057.4 3341.8 3388.1 3633.7 3924.5 4164.5 4290.2 4601.3 4959.8 5003.8 5342.4 5774.4 6136.5 6598.5 7470.4
252.0 675.7 1225.9 1587.3 1864.8 1928.5 2020.2 2337.3 2349.5 2551.6 2573.2 2742.5 2946.6 3031.2 3173.0 3356.2 3474.3 3722.1 3821.3 4127.0 4378.1 4388.4 4870.7 5027.3 5114.3 5579.5 5729.1 5853.6 6169.0 6492.4 6496.3 6811.0 7170.5 7312.7 7520.0 7917.0 8184.3 8290.0 8725.0 9106.9 10075.7
79.0 215.6 350.6 553.1 756.1 1023.0 1295.4 1526.9 1598.5 1782.4 1920.2 1931.6 2093.4 2104.5 2407.6 2427.9 2479.0 2628.8 2821.6 2937.0 2960.1 3313.3 3331.1 3509.4 3556.6 3907.7 3983.4 4197.2 4213.0 4602.0 4627.1 4933.7 4984.3 5311.0 5385.2 5700.0 5849.0 6053.0 6241.8 6499.0 6765.0 6860.0 7153.0 7334.0 7695.0 7730.0 8108.0 8660.0 9662.0
199.3 562.3 858.9 1042.1 1117.5 1278.8 1536.4 1577.5 1586.8 1600.3 1698.6 1760.8 1834.2 1915.8 2202.1 2212.5 2219.5 2318.4 2430.1 2479.9 2581.6 2620.7 2628.4 2722.2 2817.1 2967.4 3010.0 3073.2 3419.6 3445.9 3446.6 3576.6 4003.1 4011.6 4029.0 4130.4 4570.3 4587.8 4682.9 4702.8 5097.6 5174.1 5287.7 5437.2 5658.2 5843.0 5914.0 6245.8 6308.0 6585.0 6607.0 7057.0 7077.0 7376.0 7402.0 7898.0 7920.0 8223.0 8788.0 8815.0 9137.0 9696.0 9790.0 10108.0 10653.0 10813.0 11128.0
145.3 208.6 327.1 576.0 734.3 1063.6 1176.0 1422.6 1615.1 1639.0 1759.1 2019.2 2160.9 2269.4 2434.5 2597.8 2893.4 2899.8 3099.7 3452.7 3475.2 3678.3 4088.9 4116.1 4324.7 4790.5 4849.4 5027.8 5546.2 5671.3 5784.0 6354.9 6568.4 6594.9 7224.0
156.85 462.55 875.75 1202.5 1363.6 1517.4 1578.2 1792.0 1810.9 1901.7 2153.8 2203.6 2345.7 2444.0 2464.5 2552.0 2577.7 2610.2 2898.6 2911.1 3036.3 3094.6 3118.2 3344.0 3354.7 3537.8 3652.4 3816.1 3874.2 3887.0 4094.9 4230.7 4460.5 4490.7 4684.8 5056.9 5176.3 5276.5 5671.6 5894.9 5918.3 6334.3 6587.9 6714.0 7086.3 7359.5 7569.1 8202.5 8488.0 9431.5 10390.6 11370.2
102.0 133.3 207.6 212.6 233.4 556.3 568.3 1006.8 1066.2 1539.0 2128.3 2752.1 3394.5 4068.2
123.2 377.1 727.6 1146.8 1433.9 1617.3 1713.0 1762.2 2074.2 2105.6 2130.0 2341.9 2475.9 2517.9 2519.4 2659.3 2679.6 2848.9 2992.3 3064.1 3256.4 3292.6 3511.3 3554.2 3804.0 3854.4 4067.4 4101.1 4360.0 4499.0 4652.2 4669.0 4946.6 5209.8 5236.9 5278.7 5573.6 5863.4 5937.7 5986.2 6261.6 6557.4 6824.2 7020.6 7326.4 7720.2 8170.4 8668.2 9084.4
85.37 89.74 95.23 127.91 200.04 216.85 273.84 280.71 362.26 423.95 517.87 529.34 555.46 715.76 763.2 867.23 896.7 918.19 1134.7 1203.6 1292.5 1316.3 1362.4 1600.5 1727.6 1734.6 1843.5 1852.6 2099.7 2213.4 2320.8 2462.2 2643.0 2719.3 2972.1 3130.5 3271.5 3675.1 3834.5 3887.9
113.0 356.4 705.95 1138.9 1364.7 1401.3 1628.5 1637.5 1672.0 1676.3 1705.5 1919.7 1963.2 1999.1 2189.4 2329.9 2396.4 2751.8 2785.2 2861.8 3242.6 3388.6 3397.3 3799.4 3968.6 3977.7 4415.6 4588.6 4606.2
75.02 89.21 104.03 196.27 234.95 259.65 265.6 284.13 314.52 330.56 409.11 457.47 540.34 550.79 573.53 623.69 660.7 812.16 891.69 905.26 944.26 1016.05 1019.91 1246.5 1339.3 1343.1 1384.0 1469.3 1488.0 1746.9 1844.4 1876.7 1881.7 2007.3 2011.4 2410.7 2484.4 2629.7 2908.4 3142.3 3310.7 3447.2 4038.7
107.8 347.5 698.3 929.0 1039.8 1117.0 1127.7 1138.7 1178.8 1197.8 1301.1 1394.6 1399.6 1575.0 1647.1 1656.0 1657.9 1671.8 1757.5 1856.7 1923.9 1924.1 1939.0 1971.9 1994.7 2006.4 2148.7 2159.3 2188.2 2204.9 2263.9 2306.8 2344.4 2408.0 2412.9 2465.8 2523.3 2623.0 2652.1 2707.6 2752.3 2776.0 2800.8 2829.2 2861.2 2870.5 2880.1 2886.0 2970.0 3031.5 3118.4 3227.2 3238.1 3254.8 3270.8 3274.4 3300.8 3393.1 3398.2 3420.5 3426.1 3483.4 3492.4 3694.4 3745.8 3816.5 3844.2 3951.5 3968.7 4000.9 4020.4 4021.3 4060.1 4100.4 4120.0 4207.1 4367.0 4417.2 4451.9 4463.4 4577.5 4611.9 4669.3 4694.0 4739.5 4838.3 4893.3 5033.1 5081.6 5191.1 5297.4 5341.7 5355.0 5368.7 5504.8 5605.6 5664.2 5731.6 5836.6 5999.0 6049.5 6184.4 6347.0 6546.2 6707.6 6857.5 6920.0
79.65 94.9 113.6 215.0 276.5 304.7 803.0
106.06 343.29 694.9 1045.0 1082.8 1110.8 1120.9 1142.6 1226.0 1275.8 1345.49 1380.7 1449.8 1509.5 1556.8 1598.5 1657.31 1665.8 1666.4 1739.6 1828.1 1836.5 1864.4 1889.4 1917.4 1965.4 2024.6 2043.1 2134.1 2228.6 2245.4 2328.8 2340.9 2357.2 2445.7 2490.8 2547.3 2674.1 2785.8 2805.1 2859.6 2903.0 3045.7 3055.1 3141.9 3237.4 3301.5 3318.8 3320.5 3369.5 3383.4 3489.4 3499.7 3505.9 3512.2 3515.4 3527.8 3551.4 3580.6 3585.9 3595.2 3614.4 3634.9 3706.8 3807.7 3811.2 4101.9
119.913 221.926 264.61 304.777 308.9663 318.368 372.825 430.221 432.637 468.618 477.337 508.968 531.42 533.248 606.057 622.96 634.6 654.4 688.95 720.19 748.185 773.701 787.345 809.1 823.38 834.15 855.257 856.97 910.4 913.9 915.74 960.79 1029.1 1064.58 1072.31 1089.8 1107.7 1123.25 1127.29 1150.52 1216.27 1224.88 1272.7 1290.9 1312.62 1425.01 1480.31 1517.22 1532.46 1539.4 1575.98 1582.96 1606.345 1631.9 1649.01 1680.253 1698.4 1750.31 1754.83 1808.89 1832.3 1854.16 1873.39 1987.63 2012.11 2037.88 2088.5 2120.52 2138.01 2141.31 2206.19 2222.2 2261.39 2273.0 2291.75 2299.7 2424.43 2442.68 2504.85 2546.8 2586.33 2633.73 2723.46 2730.88 2738.78 2767.1 2772.66 2798.4 2822.1 2893.82 3031.99 3055.06 3082.18 3121.1 3210.57 3225.01 3326.36 3328.2 3343.6 3346.3 3348.45 3348.63 3370.7 3391.4 3401.77 3439.1 3535.0 3535.51 3570.11 3582.68 3596.56 3637.9 3711.8 3748.3 3778.23 3779.1 3827.23 3853.3 3906.5 3920.13 3963.8 3968.7 3985.3 4041.3 4090.6 4091.4 4094.8 4117.28 4120.2 4186.3 4243.5 4305.1 4354.6 4435.6 4464.4 4476.9 4477.5 4574.4 4597.0 4609.9 4666.7 4738.3 4748.4 4779.4 4800.8 4845.2 4847.3 4849.9 4864.6 4921.6 4967.9 5036.8 5120.0 5141.4 5147.0 5178.4 5233.4 5239.7 5278.4 5357.2 5436.8 5487.1 5489.7 5497.5 5536.9 5611.3 5646.5 5648.8 5764.2 5833.7 5852.1 5895.5 5947.6 6069.5 6234.9 6268.8 6310.2 6330.9 6623.5 6708.7 6792.6
103.557 337.544 688.443 1006.354 1082.366 1117.301 1138.462 1184.871 1232.68 1307.557 1322.09 1360.47 1461.809 1529.04 1535.62 1568.15 1587.258 1624.191 1632.892 1634.67 1639.782 1664.17 1693.59 1702.96 1725.57 1729.83 1764.412 1784.94 1814.83 1830.82 1831.713 1911.57 1932.18 1945.05 1954.5 2024.47 2059.33 2082.53 2176.74 2186.98 2227.84 2235.18 2256.59 2273.68 2283.98 2415.755 2435.174 2451.59 2501.07 2522.58 2531.5 2546.87 2736.6 2813.3 2822.7 2884.087 2909.94 3042.7 3047.6 3264.8 3411.2 3412.4 4016.9
113.4 250.9 365.57 385.19 409.23 414.4 450.16 457.84 475.54 488.35 528.6 529.42 560.46 599.4 609.2 642.84 661.66 675.2 726.27 761.7 805.3 807.47 814.2 848.2 953.42 975.3 993.5 1009.36 1039.0 1046.3 1086.77 1188.25 1248.86 1268.2 1271.97 1310.2 1329.88 1355.3 1365.57 1377.73 1422.8 1440.19 1469.1 1498.15 1512.9 1538.0 1560.3 1653.1 1744.9 1777.2 1899.4 2155.9 2577.5 2824.0
100.106 329.4267 680.5 1135.81 1144.4 1221.411 1257.423 1289.161 1331.127 1373.842 1442.823 1487.514 1510.19 1553.236 1621.286 1623.55 1660.396 1711.9 1756.801 1765.43 1768.969 1769.5 1809.69 1810.91 1813.4 1829.548 1833.1 1856.03 1856.9 1871.17 1887.85 1916.99 1918.6 1959.28 1960.35 1960.79 1971.12 1978.39 1981.83 1993.79 2023.56 2057.4 2087.67 2109.87 2114.44 2116.1 2120.51 2131.4 2143.1 2148.13 2173.9 2180.5 2184.05 2204.58 2207.04 2209.0 2212.82 2225.51 2230.9 2240.6 2274.0 2274.63 2283.5 2316.1 2323.8 2328.17 2334.3 2372.3 2382.0 2446.09 2455.88 2474.0 2480.24 2487.47 2493.1 2564.27 2711.83 2731.2 2739.6 2770.7 2776.0 2824.47 2884.0 2892.0 2941.0 2980.59 2996.0 3030.0 3078.9 3080.0 3104.3 3112.3 3163.0 3198.0 3365.0 3398.9 3422.0 3601.0 3640.0 3727.0 3736.4 3755.1 3882.0 3893.6 3909.2 3920.0 4040.2 4218.1 4421.0 4569.7 4747.1 4779.2 4820.0 5238.7
46.4839 99.0793 207.0115 208.8058 291.724 308.9455 309.493 412.0953 453.0708 475.4 551.1 595.34 622.76 631.2 739.92 772.04 850.6 903.5 904.52 926.25 934.65 973.98 1026.4 1052.93 1062.5 1149.8 1291.6 1310.0 1332.4 1437.3 1460.8 1463.1 1485.0 1510.4 1556.7 1612.09 1627.7 1630.1 1666.2 1673.09 1730.0 1811.35 1823.92 1840.0 1866.16 1885.34 1945.17 1983.77 2028.0 2058.6 2098.92 2127.02 2165.77 2178.4 2233.1 2292.5 2366.4 2391.0 2505.5 2616.4 2690.9 2714.5 2774.6 2805.5 2912.2 3206.9 3404.4 3666.1
111.208 364.056 748.31 903.281 1002.48 1005.967 1121.437 1130.027 1133.838 1221.294 1252.3 1283.6 1284.991 1294.92 1322.127 1345.38 1360.37 1386.307 1424.987 1431.0 1446.261 1501.539 1523.28 1536.86 1570.24 1581.45 1613.56 1614.87 1627.69 1660.97 1676.45 1683.4 1699.02 1713.47 1746.03 1775.41 1808.53 1861.3 1876.69 1894.2 1995.4 2012.91 2029.82 2031.3 2035.55 2056.41 2060.9 2097.7 2104.24 2112.47 2126.09 2168.17 2222.04 2228.29 2246.4 2294.54 2328.7 2370.1 2389.14 2395.6 2492.67 6556.0 6760.0
23.56 65.88 93.31 173.74 187.9 197.43 243.7 391.0 663.6 730.0 768.39 785.4 822.77 1006.8 1059.0 1062.5 1181.54 1219.1 1285.5 1441.2 1503.5 1535.4
122.63 396.547 737.96 809.25 862.278 883.593 952.736 1006.731 1014.97 1030.232 1045.395 1171.63 1197.3 1279.19 1285.417 1298.93 1322.133 1322.4 1349.2 1398.08 1453.446 1458.38 1463.41 1463.77 1517.2 1521.3 1532.32 1563.37 1607.5 1628.27 1628.39 1642.46 1661.38 1709.74 1737.5 1829.4 1908.0 2002.4 2117.8 2166.5 2270.5 2285.8 2516.0 2522.8 2557.0 2672.8 2750.9 2837.8 2864.0 3036.0 3056.0 3068.0 3143.8 3172.0 3193.0 3318.0 3362.8 3364.0 3379.0 3394.0 3428.0 3477.0 3533.8 3542.8 3562.4 6417.0
77.36 145.73 201.43 204.83 303.21 350.54 432.24 493.44 551.33 640.48 762.03 782.16 803.4 816.09 840.21 866.43 891.69 909.1 975.04 979.54 1018.55 1082.43 1134.97 1216.89 1231.0 1308.43 1329.61 1347.23 1383.3
