167 190
92.0
162.1

20.13 31.3 161.8 210.32 216.3 224.7 370.1
95.7 157.4 192.4 273.9 325.0 364.2 381.2 568.7 614.7 651.5 680.0 771.7 894.6 996.7 1137.4 1163.0 1204.1 1234.9 1442.3 1474.9 1544.2 1673.1 1675.6 1758.8 1915.5 1916.6 1950.1 2039.4 2072.9 2202.8 2256.1 2344.5 2403.6 2422.7 2547.2 2641.0 2706.0 2819.0 2890.5 2907.6 2952.4 3108.3 3197.8 3330.3 3356.8 3509.6 3535.2 3637.9 3827.9 3880.8 3939.4 4151.3 4163.0 4268.7 4497.7 4608.2 4969.6 5180.8 5329.7
63.0 161.4 169.8 185.0 239.8 274.1 291.5 360.5 906.3
87.1 231.5 284.2 293.8 364.4 476.9 514.7 614.7 655.1 676.6 746.0 853.2 951.1 1030.4 1040.1 1067.0 1242.9 1255.2 1441.2 1454.2 1518.2 1540.7 1685.0 1869.7 1884.8 1932.1 2055.9 2179.0 2308.2 2353.0 2446.9 2624.1 2722.4 2786.7 3011.6 3216.7 3309.8 3317.4 3614.0 3845.4 3898.6 3928.0 4524.8 4530.5 5212.0 5261.0 5946.0 6055.0 6730.0 6905.0 7566.0 360.3 575.4 813.2 1052.3 1304.9 1554.8 1815.2 2077.2 2349.6 2624.6 2891.1 3131.9 3381.5 3659.5 3958.0 4285.0 4628.0 4995.0 5375.0 5772.0
91.9 177.5 196.9 206.1 332.0 343.6 481.1 502.9 513.2 677.9 722.0 723.0 868.4 889.1 934.8 1079.0 1169.0 1311.0 1444.8 1556.0 1584.0 1667.0 1817.0 2030.2 2663.4 3296.0 3923.0 4600.0 5303.0 6042.0
75.7 76.4 125.3 236.9 239.8 272.2 361.9 377.6 427.9 489.4 536.3 587.4 638.0 638.5 709.6 807.4 868.9 899.1 994.9 1008.5 1100.1 1109.3 1198.1 1316.5 1324.5 1365.1 1403.9 1418.2 1520.1 1543.4 1601.3 1614.5 1616.8 1625.1 1655.6 1787.4 1793.8 1898.4 1909.6 1943.5 1991.7 2043.1 2105.3 2120.5 2168.9 2176.8 2305.8 2323.0 2326.1 2432.9 2440.0 2450.4 2467.8 2549.3 2576.9 2580.0 2597.9 2738.0 2739.5 2762.1 2797.4 2799.9 2858.6 2950.7 3037.4 3042.6 3042.9 3066.2 3122.6 3142.2 3172.2 3190.7 3212.3 3276.1 3351.5 3353.6 3372.8 3519.9 3523.4 3631.3 3658.2 3796.5 3966.9 3978.3 4000.9 4093.4 4144.5 4310.2 4336.5 4414.2 4635.6 4672.2 4676.9 4757.5 4822.1 5136.5 5354.1 5416.8 5550.2 6217.6 6318.5 7077.6 7107.6 7923.4
70.5 76.2 141.3 170.0 247.7 292.6 303.6 453.7 515.5 562.0 651.1 874.2 874.9 911.4 1126.4 1316.0 1342.5 1401.4 1695.6 1825.9 1843.0 2009.3 2336.0 2376.2 2378.9 2391.8 2992.8 3545.7 4142.2 4803.7 5526.0
38.6 77.5 84.7 163.5 195.8 207.4 262.2 356.5 358.2 495.8 534.4 566.8 570.3 728.1 735.2 741.3 772.0 805.8 936.5 952.6 980.5 1037.3 1053.7 1073.0 1152.0 1316.8 1376.6 1404.4 1421.3 1442.3 1464.2 1490.0 1583.9 1608.0 1642.0 1744.1 1849.9 1861.1 2041.8 2081.0 2107.2 2141.8 2383.4 2430.6 2492.1 2645.0 2725.2 2737.0 2993.0 3020.3 3416.0 3569.0 4035.0 4694.0 5420.0
54.4 120.5 132.8 159.9 220.5 227.2 256.6 321.7 339.1 422.7 423.1 474.7 483.6 618.5 624.2 638.4 784.6 818.1 847.5 853.9 1017.5 1022.7 1107.3 1233.7 1248.8 1311.2 1385.0 1486.7 1510.8 1681.7 1739.9 1767.7 1860.9 1998.6 2012.9 2092.1 2296.9 2327.0 2359.0 2487.5 2595.4 2674.4 2750.8 2912.2 3005.5 3023.2 3179.0 3234.0 3387.8 3477.3 3584.7 3701.5 3744.5 3924.0 3930.6 4108.4 4263.2 4309.1 4450.8 4682.3 4710.1 5075.5 5103.7 5998.7
65.39 115.46 118.4 124.01 165.49 279.64 283.97 284.16 359.67 465.75 569.98 577.4 593.86 676.87 816.63 817.84 818.67 877.74 913.78 927.5 961.99 1076.4 1114.6 1166.4 1208.57 1210.23 1315.06 1330.3 1353.21 1391.0 1429.32 1436.52 1445.6 1448.96 1458.07 1490.67 1530.47 1562.2 1636.73 1636.93 1684.59 1714.13 1739.0 1814.59 1819.9 1857.9 1858.5 1890.99 1894.5 1932.76 1986.39 2004.9 2009.29 2052.4 2099.7 2226.15 2238.09 2251.6 2299.3 2314.3 2320.6 2330.3 2382.1 2411.6 2493.18 2508.3 2519.1 2524.05 2552.6 2555.4 2623.5 2770.52 2791.3 2819.6 2821.0 2827.7 2851.4 2983.9 3066.9 3072.0 3118.4 3130.2 3289.7 3344.0 3379.8 3420.9 3426.6 3547.8 3630.6 3705.9 3733.8 3775.7 3999.7 4043.4 4055.3 4107.3 4190.9 4389.5 4476.3 4738.7 4756.7
20.1 25.0 49.8 74.6 78.1 89.0 92.2 117.2 134.6 184.5 193.5 213.4 266.6 318.0 343.4 347.8 349.3 449.2 477.5 494.9 524.6 571.9 651.0 670.0 725.0 734.6 817.8 860.1 902.1 903.5 972.2 1079.3 1086.7 1159.2 1209.4 1233.7 1332.3 1333.8 1354.7 1408.4 1436.9 1496.0 1516.7 1597.9 1630.4 1641.4 1722.7 1750.8 1776.4 1791.9 1818.0 1859.4 1881.1 1920.9 1937.6 2008.8 2014.6 2029.9 2077.9 2090.6 2135.0 2177.4 2231.7 2239.5 2290.9 2330.2 2350.5 2403.7 2462.4 2492.0 2546.6 2558.8 2582.3 2639.7 2689.6 2801.9 2815.5 2851.9 2878.3 2889.8 3139.1 3158.1 3164.8 3203.0 3214.3 3438.4 3480.8 3505.1 3543.8 3555.5 3791.0 3866.0 3913.1 4135.0 4287.8 4454.9 4677.1 4818.1
118.03 263.02 266.55 356.78 390.6 427.28 432.5 443.69 546.7 599.69 618.96 646.34 787.6 822.7 826.77 831.62 834.26 867.23 872.84 931.5 1000.5 1059.9 1060.38 1072.47 1108.05 1116.5 1191.65 1208.7 1327.82 1376.64 1385.4 1434.4 1442.68 1601.58 1641.86 1656.7 1689.8 1693.5 1881.1 1883.4 1913.8 1924.8 1937.6 1946.1 1958.5 2015.3 2091.0 2137.9 2172.4 2177.4 2178.0 2246.5 2426.0 2468.6 2482.3 2754.2 2857.4 2866.6 3508.6 4201.4
55.506 131.81 154.15 227.51 235.736 263.286 268.758 339.45 347.01 379.229 438.275 443.15 461.3 483.41 510.057 541.1 549.668 552.01 554.58 624.99 644.7 648.2 726.98 779.6 789.53 819.8 834.31 940.0 1017.0 1050.41 1069.21 1119.3 1227.6 1328.11 1332.76 1336.3 1457.7 1557.1 1609.12 1636.17 1833.1 1911.94 1957.28 2256.48 2298.92 2524.48 2614.7
114.464 259.863 435.236 496.231 598.86 619.12 639.04 664.076 700.64 760.5 829.01 851.476 861.16 870.42 878.92 892.11 954.86 999.55 1002.447 1024.2 1034.85 1040.75 1066.12 1084.68 1101.94 1107.92 1127.02 1183.46 1304.19 1334.91 1353.81 1404.2 1409.2 1414.64 1525.226 1554.058 1563.16 1608.42 1659.02 1663.75 1711.78 1713.66 1746.44 1781.42 1798.39 1864.35 1893.2 1897.84 1903.85 1907.6 1948.85 1990.93 2016.85 2030.016 2039.5 2392.6
104.729 188.01
125.3581 284.1 368.2 475.6 546.9 646.119 697.0 717.432 757.4 768.93 874.815 880.282 931.06 949.5 1000.0 1230.4 1277.0
59.01 99.361 146.274 149.0 173.929 210.699 268.798 273.627 314.009 316.463 317.845 322.379 330.0 351.202 378.392 417.792 420.559 425.823 462.969 469.779 470.514 471.0 497.293 500.722 534.37 549.33 559.976 562.0 577.723 588.709 601.58 623.89 646.332 657.99 665.188 680.03 686.058 691.34 736.127 744.81 761.42 785.31 796.63 818.94 821.31 826.152 855.04 864.17 997.84
134.243 206.244 303.13 511.766 581.99 589.136 618.362 625.513 647.23 685.775 718.73 767.8 772.9 816.564 826.79 844.86 864.64 879.459 933.62 960.18 969.3 1000.93 1003.14 1190.47 1220.91 1230.11
63.582 156.047 169.443 172.069 182.743 205.342 207.855 230.91 256.923 284.598 287.127 290.666 300.212 316.932 325.867 346.58 352.43 360.882 362.715 372.077 429.755 439.753 448.2 462.087 470.14 482.153 499.724 511.75 523.044 541.55 550.2 556.84 575.44 582.16 609.04 628.88 647.3 680.11 757.66
259.0 481.0
119.12 162.1 319.7
