164 194
548.0 1206.3 1889.7 2281.9 2839.3





286.7 749.9 1325.42 1696.9 1945.8 2084.4 2502.6 2545.2 2610.5 2667.4 2831.6 2841.1 2958.8 3053.6 3130.4 3265.6 3280.1 3707.0 3742.9 3860.8 4349.0 4513.2 5055.8 5139.4 5720.4 5847.8 6398.5 6706.8
76.8 208.0 441.2 445.9 602.1 888.9 896.1 1111.9 1402.2 1456.4 1645.5 1755.2 1913.5 2085.0 2144.2 2165.1 2362.4 2416.9 2524.8 2633.4 2679.8 2729.8 2844.1 2898.3 3119.7 3338.2 3377.7 3420.8 3509.9 3730.8 3902.6 3974.8 4060.9 4545.3 4773.3 5285.4
227.77 606.17 702.8 758.27 810.01 918.79 1054.47 1107.95 1137.88 1339.53 1468.8 1524.95 1551.25 1604.5 1656.43 1678.6 1727.64 1806.71 1873.4 1884.9 1918.9 1978.45 2023.87 2061.33 2093.63 2140.8 2257.6 2288.1 2374.6 2415.1 2429.9 2439.1 2508.3 2564.5 2635.4 2765.8 2840.6 2846.0 3004.7 3098.5 3101.2 3194.4 3199.4 3322.1 3513.0 3589.7 3711.3 3823.3 3847.5 4068.1 4176.5 4276.9 4412.4 4510.7 4640.1 4831.6 4872.5 5003.9 5234.6 5245.1 5490.6 5528.2 5633.9 5892.5 5985.6 6103.3 6135.1 6258.5 6298.5 6584.8 6812.4 6819.3 7028.0 7326.7 7554.9 7842.6 8119.2 8690.1
91.6 141.2 219.6 310.0 373.9 388.0 406.1 535.1 721.8 764.1 769.7 890.5 1094.3 1215.4 1249.2 1290.9 1519.5 1717.9 1740.1 1785.7 1997.1 2235.1 2264.8 2272.4 2359.2 2523.3 2769.3 2878.8 2919.0 2969.0 3087.5 3148.0 3336.8 3444.0 3536.9 3616.2 3683.5 3751.0 3950.4 4064.0 4243.8 4305.4 4335.2 4418.0 4618.6 4727.0 4994.6 5023.6 5042.2 5315.9 5725.0 5782.1 5824.8 6018.6 6436.0 6605.0 6645.0 6754.0 7166.0 7496.0 7541.0
158.6 435.0 545.3 690.9 777.63 846.2 989.4 1054.0 1171.93 1240.0 1254.1 1417.6 1420.1 1424.9 1453.28 1549.75 1596.45 1617.5 1790.37 1860.51 2102.8 2113.8 2205.66 2271.9 2410.1 2476.7 2613.8 2622.5 2656.3 2706.5 2749.9 2905.8 2906.7 3074.1 3163.3 3239.8 3389.1 3577.6 3663.5 3861.8 3924.9 4114.7 4225.5 4505.6 4524.9 4676.9 4825.3 5112.1 5233.0 5262.1 5430.3 5741.1 5870.1 5987.1 6060.7 6428.0 6512.1 6760.7 6786.1 7190.0 7199.0 7628.4 7943.4 8018.8 8511.6 8749.7 9429.7 9618.3 10545.5
90.32 102.3 105.7 147.8 175.6 193.76 207.56 218.3 279.1 346.56 355.86 381.56 443.7 504.4 504.77 523.9 614.8 644.51 679.89 783.9 869.25 890.0 940.4 970.2 1072.87 1210.9 1288.79 1327.0 1350.6 1352.0 1517.65 1708.2 1757.1 1770.9 1785.9 1881.4 2010.9 2265.7 2267.9 2268.2 2274.5 2471.2 2548.7 2794.7 2815.8 2833.3 2886.1 3116.2 3125.8 3368.8 3410.2 3438.0 3560.3 3741.1 3814.5 3992.5 4059.1 4085.8 4288.9 4404.2 4563.5 4667.3 4771.8 5064.9 5115.2 5352.5 5391.2 5880.9 6170.5 6172.2 7007.5
135.1 395.3 601.2 742.3 863.6 1025.2 1037.6 1157.5 1223.8 1349.6 1409.4 1431.6 1474.9 1516.4 1633.8 1707.8 1753.6 1978.6 2020.8 2075.8 2167.7 2265.0 2394.8 2473.7 2570.9 2621.4 2754.6 2817.7 2937.6 3050.5 3294.6 3381.4 3456.7 3547.1 3566.7 3829.3 4019.1 4023.6 4099.7 4176.6 4420.2 4634.5 4683.2 4698.7 5043.0 5286.6 5348.6 5398.8 5975.4 6056.9 6147.3 6682.4
75.6 90.6 152.3 240.4 259.2 285.1 300.6 318.9 355.3 375.7 433.5 494.5 534.0 567.5 595.2 655.9 678.7 837.0 885.5 924.9 946.7 1036.6 1047.3 1252.4 1305.3 1348.5 1395.0 1483.8 1519.1 1727.8 1788.3 1831.2 1913.3 1987.6 2069.8 2255.6 2327.3 2362.6 2486.6 2540.6 2679.4 2827.2 2910.3 2911.9 3038.7 3108.2 3135.6 3338.5 3477.7 3779.2 4044.5 4102.9 4501.2 4787.9 4806.0 5612.0
131.6 397.7 650.4 761.0 771.0 864.3 1023.2 1031.9 1193.8 1213.0 1302.0 1395.9 1416.4 1469.8 1538.1 1681.6 1706.5 1780.6 2017.9 2096.3 2097.9 2219.4 2384.0 2464.1 2488.5 2804.3 2817.0 2905.4 2950.5 3314.0 3402.0 3429.0 3473.7 3507.0 3873.0 3949.0 4021.0 4040.0 4140.0 4483.0 4544.0 4640.0 4664.0 4862.0 5130.0 5188.0 5291.0 5384.0 5584.0 5877.0 6156.0 6960.0 7790.0 8654.0 9554.0 10491.0 11464.0 12473.0 13520.0
86.31 100.21 145.41 195.9 210.8 243.0 273.1 286.6 296.4 320.2 336.6 345.0 424.5 436.5 487.3 500.1 589.6 594.2 607.4 641.4 662.9 781.4 788.2 856.1 860.4 955.4 981.0 997.1 1041.8 1078.3 1194.4 1229.4 1316.0 1318.0 1417.8 1427.7 1448.5 1503.1 1566.7 1654.5 1738.8 1824.7 1833.6 1851.8 1899.6 1948.6 1986.1 2011.2 2106.5 2144.6 2160.0 2297.8 2332.1 2377.0 2418.2 2431.7 2471.5 2488.9 2564.2 2604.9 2630.1 2709.3 2818.6 2873.0 2894.2 2902.7 2999.0 3046.6 3053.6 3072.6 3151.9 3260.2 3273.9 3301.2 3379.9 3482.7 3514.6 3519.2 3617.0 3691.6 3700.2 3784.6 3807.9 3921.0 3932.3 3964.7 4022.2 4212.2 4260.6 4398.9 4420.3 4464.4 4564.7 4593.0 4609.6 4720.6 4930.3 5099.3 5146.7 5177.4 5269.3 5291.5 5307.0 5491.9 5604.4 5832.8 5942.8 5978.5 6070.9 6118.2 6306.5 6321.8 6618.9 6739.2 6783.9 6916.8 7037.2 7090.0 7157.5 7471.3 7553.7 7663.9 7842.8 8016.2 8019.5 8406.7 8552.9 8837.8 9020.2 9529.9 9866.2 10042.2 11020.0
132.3 408.9 795.4 831.0 870.3 1023.4 1052.9 1197.1 1257.9 1379.3 1405.9 1515.0 1515.2 1604.7 1627.7 1761.7 1768.2 1862.9 1877.4 1881.5 1929.1 1956.2 2055.4 2086.5 2176.2 2218.2 2277.0 2286.5 2309.4 2409.4 2411.2 2463.4 2544.9 2599.1 2627.2 2636.2 2676.2 2694.7 2696.3 2862.8 2875.6 2915.4 2920.2 2925.9 2982.5 3008.4 3120.3 3139.6 3200.7 3246.8 3342.8 3386.7 3402.8 3452.5 3476.9 3495.3 3629.8 3656.7 3679.3 3886.6 3926.1 3975.3 3982.5 4027.9 4068.1 4135.3 4200.8 4286.4 4498.0 4532.1 4543.2 4581.6 4595.4 4599.8 4770.9 4822.1 4922.3 5046.1 5136.8 5165.0 5237.1 5237.9 5255.2 5387.6 5552.0 5569.8 5667.5 5732.1 5788.1 5895.8 5981.9 6024.2 6055.8 6241.6 6324.5 6373.9 6379.2 6496.8 6597.9 6766.9 6773.2 6817.4 6974.2 7019.1 7094.6 7149.7 7293.1 7531.7 7533.2 7545.1 7617.0 7654.6 7821.6 8136.7 8219.4 8268.2 8294.9 8554.3 9375.6
93.87 102.63 156.5 172.6 218.1 292.1 321.0 321.2 334.26 341.2 362.5 367.9 411.63 411.8 440.9 491.3 506.8 548.8 664.2 677.6 682.5 749.1 806.0 891.2 913.5 1095.0 1099.4 1117.0 1288.2 1355.3 1377.3 1417.8 1554.6 1583.8 1607.3 1688.6 1701.5 1702.1 1722.2 1760.9 1818.5 1865.4 1867.9 1891.2 1924.9 1989.6 2016.7 2094.7 2100.2 2137.8 2138.9 2177.6 2290.7 2300.7 2308.8 2309.2 2383.9 2415.6 2487.6 2509.0 2524.8 2537.9 2610.2 2629.0 2634.0 2699.2 2713.3 2715.3 2770.2 2785.4 2824.2 2824.7 2955.1 2980.8 3029.3 3039.4 3056.1 3109.7 3124.7 3180.2 3195.3 3235.7 3266.4 3320.5 3334.5 3351.1 3428.9 3472.8 3521.6 3555.9 3621.1 3654.6 3711.3 3801.1 3833.0 3843.7 3864.5 3970.2 3973.3 4162.5 4184.5 4335.7 4338.7 4445.2 4478.6 4513.3 4527.4 4675.5 4684.6 4810.2 4886.9 5047.0 5061.6 5188.6 5213.0 5260.1 5427.4 5457.3 5672.9 5809.4 5850.0 5982.6 6061.1 6192.5 6304.6 6520.5 6575.9 6749.2 6853.6 7207.6 7744.2
127.0 400.4 793.8 890.7 1039.0 1159.8 1190.2 1277.8 1378.3 1399.4 1471.7 1588.5 1627.4 1654.1 1734.9 1756.3 1801.4 1812.1 1831.5 1852.9 1878.5 1895.4 2014.2 2016.2 2025.1 2035.3 2112.4 2181.8 2193.2 2220.4 2245.4 2346.3 2371.7 2374.8 2380.6 2419.3 2449.5 2526.1 2583.5 2591.2 2671.3 2700.7 2803.7 2819.1 2824.0 2840.9 2869.4 2908.6 2973.0 3072.0 3072.2 3073.2 3265.4 3291.4 3303.8 3320.2 3330.9 3337.7 3489.7 3574.0 3616.0 3617.8 3639.7 3644.7 3840.7 3850.2 3857.3 3874.7 3904.4 3905.4 3916.0 3930.2 3969.7 4071.2 4157.8 4166.6 4185.8 4211.3 4237.9 4275.4 4293.7 4370.5 4425.9 4437.5 4456.0 4467.0 4467.9 4476.3 4480.6 4516.6 4599.2 4639.5 4682.8 4713.5 4761.4 4767.1 4879.8 4941.8 5005.5 5007.7 5012.5 5024.5 5024.6 5063.5 5102.8 5142.4 5181.0 5192.7 5205.3 5257.6 5333.0 5358.4 5384.2 5486.1 5605.5 5674.8 5713.8 5726.6 5778.1 5810.5 5983.5 5987.8 6017.3 6048.3 6088.9 6282.0 6322.8 6483.8 6544.0 6584.6 6766.6 6860.5 6862.2 6897.1 6900.9 7049.7 7399.2 7804.6 8820.0 9913.2 11071.2 1249.2 1969.2 2783.7 3689.2 4681.7
96.36 170.71 219.22 258.38 273.09 375.46 392.52 395.23 453.11 487.08 509.9 512.54 513.12 541.54 544.39 558.27 582.23 620.83 646.92 655.3 669.17 714.04 731.58 748.89 763.81 764.13 792.71 800.53 832.06 848.51 850.33 896.73 944.32 951.23 958.23 964.89 1039.23 1045.92 1054.39 1179.8 1180.92 1236.74 1252.92 1255.81 1295.4 1323.9 1332.64 1420.51 1442.67 1663.65 1844.0 1911.62 1921.08 1977.84 2017.2 2083.5 2219.27 2249.62 2254.66 2258.51 2273.75 2300.01 2310.53 2511.25 2521.3 2673.9 3277.9 3403.6 4180.2
119.8 383.77 774.14 942.78 1081.02 1225.04 1274.86 1406.7 1428.3 1445.72 1500.63 1543.94 1613.18 1620.72 1631.55 1637.7 1697.98 1707.57 1718.17 1832.78 1836.29 1840.37 1871.1 1877.6 1916.3 1958.2 2045.9 2191.0 2324.63 2366.2 2399.05 2446.65 2547.0 2609.2 2719.88 2862.4 3129.7 3259.9 3357.9 3788.8 4044.2 4346.4 4797.8 4997.9 5737.9
37.4 97.4 102.3 127.9 198.1 222.4 260.5 275.7 317.8 351.7 402.6 406.6 414.4 448.7 468.8 476.5 505.3 539.5 590.6 591.5 626.6 641.5 646.3 660.4 666.3 707.5 729.4 745.8 776.6 782.4 797.2 843.4 865.2 879.5 907.6 965.2 1024.8 1025.8 1061.3 1116.2 1117.3 1173.7 1179.6 1222.6 1354.2 1461.7 1565.8 1671.4 1745.2 1769.8 1866.3 1907.6 1930.0 2003.8 2310.7
137.159 434.088 767.478 868.94 910.471 1061.0 1070.48 1208.42 1275.61 1351.93 1420.94 1452.9 1460.91 1480.07 1491.29 1559.83 1623.2 1628.54 1640.81 1653.57 1704.6 1750.8 1754.5 1774.63 1775.6 1812.61 1848.42 1915.5 1968.3 1976.0 2015.2 2031.3 2056.5 2067.94 2081.48 2119.9 2135.1 2165.5 2188.0 2222.6 2234.0 2302.9 2317.5 2377.0 2431.1 2559.7 2562.7 2599.3 2606.3 2620.0 2624.6 2666.9 2773.8 2781.25 2805.7 2919.89 2956.0 2958.4 2978.4 3038.8 3102.7 3110.1 3185.1 3214.5 3226.3 3252.7 3268.9 3295.5 3414.3 3439.75 3558.2 3628.1 3934.25 4493.65 4956.42 5024.7 5330.9 5373.29 5499.9 5563.8 5700.8 5831.9 6025.2
9.746 74.33 75.04 100.55 187.4 190.6 257.17 263.3 333.26 341.5 419.0 445.04 459.5 501.45 508.22 511.6 536.56 556.9 586.31 596.45 618.0 641.87 664.13 684.0 684.5 711.23 725.74 727.1 817.5 885.5 934.8 935.02 941.82 987.28 1084.2 1090.39 1112.14 1210.5
155.021 477.94 633.015 789.98 940.31 965.65 1086.36 1180.86 1279.09 1304.82 1413.78 1424.84 1443.5 1457.53 1462.51 1478.04 1514.7 1516.1 1566.7 1620.48 1668.66 1685.29 1685.5 1704.27 1729.42 1765.4 1771.0 1807.61 1824.94 1842.92 1936.9 1941.02 1948.6 1957.09 1964.98 1966.1 1979.8 1993.7 2019.72 2022.44 2055.0 2068.61 2085.47 2099.06 2121.2 2124.2 2166.03 2169.8 2204.73 2214.62 2251.92 2286.23 2299.85 2326.01 2347.4 2348.7 2366.1 2374.2 2376.95 2415.87 2461.0 2491.3 2505.3 2520.6 2549.47 2581.8 2622.7 2658.6 2704.0 2739.9 2765.7 2817.8 2855.6 2866.1 2868.8 2892.7 2929.9 3002.8 3030.5 3070.4 3110.0 3176.8 3238.8
30.814 36.202 69.537 95.254 216.663 219.395 233.54 275.905 350.0 365.81 427.92 438.71 498.8 505.34 532.2 549.92 557.5 594.9 599.62 622.0 630.6 634.2 667.4 672.06 716.87 735.5 794.4 817.0
186.718 547.854 557.979 756.022 911.78 955.372 1050.38 1114.72 1163.19 1203.86 1382.4 1387.0 1435.82 1446.12 1474.2 1514.1 1545.3 1569.04 1570.3 1583.88 1615.97 1666.47 1675.68 1679.5 1680.6 1681.69 1689.06 1705.4 1708.3 1732.9 1802.7 1813.5 1823.6 1836.32 1859.2 1872.15 1884.4 1902.1 1903.33 1910.61 1918.3 1935.3 1943.3 1958.1 1970.5 1992.4 1995.3 2025.5 2061.2 2068.88 2070.2 2090.0 2112.1 2118.5 2121.38 2124.7 2135.5 2175.5 2352.5 2357.0 2772.0 3011.0 3126.0
74.382 131.941 141.934 175.678 272.754 314.265 410.82 417.153 433.589 436.968 446.928 462.532 471.651 487.61 508.146 519.397 574.166 611.96 619.204 630.715 637.617 688.819 721.431 748.342 764.662 794.658 804.56 815.429 823.89 959.02 974.53 1077.8 1092.74 1108.73 1117.98 1143.54 1176.694 1202.27 1280.86 1298.45
205.7944 489.0602 580.28 690.3708 909.592 956.54 1069.543 1089.23 1127.51 1143.521 1206.29 1341.153 1362.018 1409.86 1450.31 1456.6 1465.34 1560.6 1591.74 1612.87 1645.1 1665.09 1708.39 1712.91 1733.79 1780.34 1807.71 1826.51 1837.4 1857.97 1867.87 1868.7 1878.79 1894.93 1902.68 1921.68 1936.9 1940.8 1947.77 1951.54 1968.02 1984.5 1996.93 2015.4 2043.26 2047.4 2051.83 2081.17 2099.0 2127.92 2133.9 2147.15 2173.02 2187.26 2208.36 2223.48 2258.18 2275.31 2308.6 2337.32 2358.88 2418.8 2894.2 3104.0 3211.0
41.484 72.901 102.733 233.856 295.681 307.083 399.014 434.96 455.767 544.551 709.2 888.62 889.49 1053.856 1085.106 1170.887 1178.421 1216.954 1281.467 1288.178 1459.54
218.509 656.54
