172 196
168.4
155.4 424.4 516.4 580.3 686.8 789.5 1095.0 1109.3 1295.3 1605.1 1635.9 1981.5 2219.3 2420.8 2796.5 2922.9 3258.5 3486.4 3720.5 4107.1 4262.3 4779.5 4890.3 5497.9 5589.0 6254.0 567.0 764.8 875.0 1099.6 1177.4 1347.1 1347.3 1592.0 1648.3 1853.2 2124.0 2409.4 2702.7 2999.9 3287.3 3577.4 3881.0

49.0 53.0 89.0 156.0 196.0 263.0 277.0 279.0 282.0 422.0 426.0 433.0 438.0 611.0 622.0 652.0 660.0 767.0 812.0 822.0 1038.0 1061.0 1114.0 1266.0 1388.0 1508.0 1629.0 1762.0 1784.0 2029.0 2174.0 2242.0 2306.0 2599.0 2735.0 2756.0 2890.0 3194.0 3301.0 3323.0 3507.0 3826.0 3896.0 3939.0 4154.0 4490.0 4549.0 4603.0 4837.0 5315.0 6076.0
37.0 79.0 197.0
85.4 148.0 157.2 223.1 331.4
55.0 92.0
99.8 140.0 193.1 202.74 264.0 271.5 288.6 343.0 377.8 414.5 427.3 432.57 493.2 502.4 553.08 563.3 607.5 731.7 759.95 804.58 807.6 903.6 919.9 1018.35 1022.5 1115.1 1134.2 1141.37 1191.22 1253.6 1284.42 1344.1 1397.3 1497.6 1565.1 1568.6 1578.0 1697.68 1733.6 1756.3 1758.9 1825.0 2027.2 2067.7 2086.1 2182.3 2192.9 2214.0 2290.7 2312.7 2365.0 2533.7 2610.3 2690.4 2765.0 2845.3 2916.3 2921.0 2925.6 3245.5 3245.9 3371.6 3400.8 3563.9 3577.3 3581.3 3857.1 3921.1 3986.0 4002.6 4262.5 4285.3 4317.6 4523.1 4600.2 4655.7 4928.5 5113.6 5242.9 5397.7 6012.9 6200.7 6829.9

24.78 111.97 212.72 243.11 289.29 298.91 310.15 342.12 366.24 393.06 440.61 447.56 483.51 492.17 499.15 521.74 548.3 568.82 591.17 645.91 654.55 673.35 815.0 825.74 829.57 832.12 838.05 844.84 980.19 1004.1 1015.1 1016.44 1035.3 1041.11 1239.5 1244.4 1256.72 1380.9 1459.0 1486.73 1549.9 1551.73 1555.2 1667.68 1676.1 1680.75 1686.8 1698.9 1726.8 1749.91 1762.4 1774.2 1882.1 1928.0 1955.88 1961.03 1978.5 2061.2 2118.4 2154.7 2177.5 2239.6 2309.0 2360.1 2440.9 2494.0 2512.3 2524.5 2713.1 2760.5 2775.9 2795.7 3014.5 3092.0 3345.9 3945.9
45.3 84.2 126.8 145.5 150.7 160.0 205.9 240.9 266.4 321.0 400.1 413.6 494.1 564.9 606.7 750.5 781.1 881.8 959.5 1013.3 1186.3 1222.5 1382.9 1431.0 1528.9 1688.7 1704.2 1960.4 1969.6 2133.4 2212.0 2241.3 2533.9 2756.2 2797.6 2834.3 3146.6 3362.7 3466.3 3494.7 3843.6
16.2 119.3 185.0 307.6 328.8 412.6 494.0 542.6 645.5 695.6 869.6 918.8 1059.6 1262.6 1426.8 1475.6 1691.6 1916.6 1977.7 2142.6 2388.6 2539.7 2635.6 2909.6 3119.4 3181.6 3481.6 3745.4 3774.6 4095.6 4401.6 4440.4 4752.6 5052.6 5214.0 5434.6 6064.0 6987.0
11.6 18.4 41.8 70.75 111.0 207.8 225.65 232.6 237.16 262.72 293.28 295.55 327.3 328.4 342.72 355.49 367.9 428.25 432.49 478.73 481.4 484.9 485.5 499.27 499.95 504.81 509.46 519.4 554.48 604.71 621.03 633.9 639.02 648.6 658.8 659.81 663.21 792.61 814.82 855.95 858.3 874.06 877.5 903.85 910.12 925.0 942.63 1030.7 1065.27 1071.7 1076.0 1086.6 1166.1 1223.1 1307.9 1362.0 1377.9 1548.4 1550.0 1592.2 1792.4 1977.3 2039.1 2179.7 2205.4 2291.3 2556.8 2656.2 2837.6 2899.8 3138.2
5.8 135.3 158.6 229.6 255.1 300.1 332.7 335.3 418.7 442.3 448.83 465.7 496.9 506.8 519.7 556.0 646.6 648.7 696.8 720.3 727.1 755.97 801.4 852.3 861.1 861.94 876.9 881.1 899.7 900.5 944.7 1016.7 1038.9 1068.1 1086.6 1103.1 1130.2 1136.1 1163.9 1170.0 1192.3 1211.0 1228.3 1259.7 1295.0 1304.9 1315.9 1352.8 1383.66 1511.0 1515.4 1531.3 1582.6 1622.42 1625.5 1670.9 1677.5 1734.9 1745.9 1779.3 1856.7 1900.65 1949.0 1997.5 2001.37 2012.6 2130.9 2148.0 2154.5 2157.3 2183.0 2278.5 2282.9 2295.8 2393.0 2514.3 2597.5 2614.0 2702.3 2827.9 2940.4 2962.9 3171.6 3304.0 3469.1 3630.0 4264.9 4292.0 5054.4
54.15 71.9 77.94 102.93 110.1 117.5 120.49 137.3 167.2 182.1 194.48 204.76 213.2 225.5 237.32 246.5 252.56 259.64 264.51 312.7 324.33 331.21 334.5 359.2 363.4 396.6 402.9 419.75 433.31 444.77 446.63 520.0 520.1 570.67 686.0 689.44 704.8 714.21 719.3 721.8 756.1 772.2 869.8 928.2 1036.4 1117.3 1131.8 1177.5 1195.9 1300.0 1338.1 1449.7 1482.4 1603.1 1648.0 1674.1 1749.0 1770.2 1869.7 1910.4 1953.0 2022.1 2067.5 2220.9 2252.1 2339.4 2408.6 2422.8 2433.0 2511.9 2555.8 2576.7 2636.7 2766.4 2862.5 2882.1 2930.7 2935.9 3035.5 3144.6 3170.8 3327.0 3527.4 3657.6 3734.7 3916.6 3963.3 4144.0 4205.5 4398.6 4566.0 4785.6
106.46 110.04 186.15 189.57 201.52 285.01 311.65 350.44 388.8 433.81 442.86 471.16 486.35 486.46 620.35 675.3 688.27 716.81 731.41 738.52 764.36 816.07 819.1 819.21 842.6 897.55 901.5 903.07 964.35 995.3 1001.9 1008.85 1022.38 1042.12 1095.3 1139.4 1159.32 1192.3 1193.4 1219.12 1246.8 1255.54 1264.2 1317.2 1321.5 1352.79 1442.7 1472.4 1523.3 1560.8 1590.9 1636.7 1720.7 1721.9 1847.6 1900.9 1993.0 2034.2 2130.7 2225.2 2233.8 2260.4 2401.4 2468.1 2490.7 2505.7 2620.4 3152.2
54.82 96.71 151.95 166.2 187.62 195.09 211.2 280.4 354.2 435.8 478.17 492.0 641.9 674.9 708.1 877.8 915.5 923.5
94.33 113.82 176.52 300.5 317.67 372.18 454.04 464.77 539.77 563.79 607.54 615.55 644.29 719.12 721.41 737.04 741.8 746.3 792.69 828.13 831.82 838.21 850.06 899.41 900.13 902.64 912.25 918.6 924.76 946.0 948.6 958.64 1074.2 1101.1 1106.25 1114.8 1137.6 1184.39 1203.26 1221.3 1238.7 1248.93 1268.71 1288.1 1296.72 1312.32 1344.55 1384.03 1396.1 1448.1 1451.55 1468.97 1476.45 1482.1 1500.17 1501.52 1536.87 1558.2 1571.68 1578.6 1609.1 1610.25 1615.6 1622.86 1651.5 1656.6 1672.78 1767.22 1791.3 1802.25 1814.78 1876.1 1910.9 1920.38 2060.4 2085.6 2109.5 2110.4 2128.5 2249.1 2333.3
26.3 148.7
82.42 129.415 171.24 178.943 343.36 351.139 390.77 502.84 504.42 538.859 556.76 588.06 591.45 624.09 653.97 659.24 686.4 747.81 762.55 800.14 812.54 816.89 825.4 832.43 877.9 918.79 928.1 935.6 946.54 963.6 977.47 991.52 1004.1 1036.69 1053.12 1127.4 1135.1 1206.1 1207.3 1210.5 1253.3 1297.8 1397.8 1401.0 1418.9 1422.22 1600.6 1646.3 1652.0 1681.0 2047.1 2112.9 2312.6
12.984 56.72 66.83 84.275 104.776 115.564 118.7824 128.744 139.942 143.556 144.904 168.14 192.935 193.511 212.808 216.905 223.352 225.918 226.261 235.76 239.77 240.902 265.16 267.128 277.993 284.215 288.403 292.381 310.999 319.883 331.077 331.761 351.69 365.653 366.73 368.353 389.72 392.351 415.038 418.141 440.87 451.25 489.5 508.988 513.197 529.167 530.266 670.64
73.044 80.24 138.942 180.068 299.4 357.769 361.858 460.535 469.387 478.991 516.414 521.926 557.442 559.301 563.405 598.227 620.99 695.135 712.167 740.383 806.902 828.92 832.895 838.919 848.93 849.083 857.027 874.281 892.27 918.366 930.432 964.43 972.875 975.334 1009.355 1019.589 1035.465 1035.86 1038.056 1065.89 1076.47 1078.0 1131.17 1145.616 1168.06 1169.16 1250.42 1438.431 1459.967 1511.715 1650.5 2179.0 2404.0
43.118 82.334 84.285 112.229 138.687 143.595 147.078 148.934 160.998 184.69 195.525 245.109 245.491 254.161 270.923 278.503 296.631 308.973 314.052 337.531 347.046 371.2 377.0 389.199 390.97 407.024 413.029 419.61 422.824 423.725 434.08 436.294 467.201 487.176 487.39 501.811 502.897 503.369 518.58 519.523 524.2 542.6 579.142 644.941
69.181 100.0 175.221 233.512 286.521 412.038 428.627 499.5 539.206 581.795 760.37 776.048 860.94 943.746
126.2 207.04 407.88 522.37
