170 200
508.9 1171.2 1910.7 2636.6
446.0 1052.0 1723.0 2410.0 3110.0


394.2 891.8 1276.0 1365.0 1776.8 1796.1 1826.6 2060.8 2328.1 2879.2 3449.0
328.0 382.0 744.0 764.0 1172.0 1231.0 1663.0 1738.0 2212.0 2293.0 2817.0 2897.0 3475.0 3544.0 4231.0
264.0 443.0 564.1 905.6 1305.7 1699.4 1736.4 1764.8 2004.4 2010.9 2277.0 2319.5 2373.1 2689.1 2787.5 2833.5 3091.5 3252.5 3423.8 3539.5 3763.8 4030.4 4041.8 4321.2 4690.4 5377.0 6106.6 6878.6
81.2 94.8 140.5 147.7 197.3 209.7 214.0 240.7 264.9 336.0 431.2 441.1 491.6 532.0 666.6 698.6 778.1 855.3 902.2 1032.7 1060.0 1199.7 1277.4 1348.4 1425.6 1508.6 1695.8 1749.6 1862.9 1870.1 2005.7 2258.8 2267.1 2359.8 2441.8 2544.6 2823.9 2883.8 2889.8 3081.4 3117.6 3415.7 3459.7 3566.7 3720.9 3777.0 4034.0 4067.0 4353.0 4524.0 4683.0
170.1 421.9 427.1 764.6 1177.6 1660.4 2207.6 2811.9 3457.5 4107.9
71.4 87.4 241.2 255.5 277.2 298.5 391.4 417.5 548.4 556.9 582.3 680.6 727.3 910.2 925.6 926.8 1050.4 1139.6 1339.0 1358.2 1375.1 1503.0 1618.9 1830.8 1864.7 1888.2 2026.9 2157.6 2375.1 2434.3 2458.0 2616.3 2746.9 2950.9 3059.8 3098.7 3266.6 3341.2 3359.7 3533.7 3741.4 3815.5 3969.1 3973.2 4019.5 4144.0 4476.8 4571.5 4729.5 4799.8 5264.1 5504.1 5526.3 6255.5 6367.1 7253.0 8174.8
153.3 410.8 478.7 677.5 757.3 861.4 962.7 1049.3 1181.7 1187.4 1248.1 1315.4 1351.2 1587.7 1614.8 1650.1 1674.5 1727.5 1815.1 1852.4 1915.4 2012.4 2107.4 2162.1 2169.1 2182.9 2198.6 2229.4 2286.8 2401.8 2444.5 2455.1 2556.9 2558.1 2626.3 2764.9 2834.3 2841.7 2872.9 3006.4 3008.0 3050.8 3209.0 3302.1 3361.5 3505.1 3507.2 3510.3 3544.0 3571.8 3676.8 3833.1 3911.3 4044.3 4063.5 4099.0 4126.2 4181.0 4252.9 4421.0 4512.7 4639.9 4661.2 4676.5 4709.0 4804.6 4984.8 5063.0 5160.8 5289.4 5293.1 5400.0 5468.3 5728.7 5754.0 5853.0 5938.0 5947.7 6007.5 6178.8 6491.0 6526.0 6551.0 6581.0 6618.5 6935.9 7238.0 7434.0
79.41 93.93 116.65 166.63 235.4 256.38 275.99 278.09 287.15 300.83 319.7 380.11 380.92 525.01 525.36 541.68 542.71 572.49 597.59 604.04 642.79 650.53 658.71 661.69 695.37 708.61 726.21 729.44 750.38 760.58 764.9 783.74 821.83 835.37 850.38 855.08 869.1 881.03 882.76 886.42 886.72 904.3 917.52 920.14 921.81 924.78 943.46 949.4 965.66 966.69 989.6 1006.2 1007.8 1012.37 1050.42 1087.31 1091.57 1141.1 1217.21 1256.1 1281.73 1309.48 1314.17 1322.04 1326.33 1370.0 1371.6 1397.4 1400.67 1417.78 1445.4 1456.15 1465.22 1474.36 1554.97 1614.73 1806.4 1828.17 1870.2 1905.5 1959.5 1987.11 2015.41 2053.21 2072.7 2082.68 2085.1 2095.06 2101.81 2122.52 2126.64 2137.38 2140.9 2153.4 2240.91 2348.8 2388.7 2420.57 2464.9 2484.4 2521.3 2571.1 2627.7 2716.5 2922.8 2994.2 3013.2 3024.4 3066.9 3084.5 3146.8 3200.7 3213.0 3330.8 3388.2 3594.7 3649.5 3669.2 3751.0 3781.2 3838.8 3907.2 4074.2 4266.2 4358.3 4421.4 4644.3 4661.3 5093.4 5113.8 5334.3 5416.4 5898.6 6213.4 6697.6 7038.4
154.9 419.08 499.44 667.09 774.1 855.41 941.91 1032.77 1054.4 1181.1 1205.0 1238.1 1303.7 1310.9 1418.2 1436.2 1648.8 1669.5 1697.9 1729.6 1844.2 1862.2 1923.8 1952.9 2079.3 2116.8 2149.0 2238.4 2239.9 2241.5 2424.4 2503.0 2614.1 2631.6 2689.7 2831.6 2856.8 2930.5 3046.2 3096.0 3099.9 3168.0 3289.1 3354.3 3424.5 3460.1 3480.6 3541.8 3625.8 3644.9 3902.7 3970.6 3983.0 4077.5 4093.9 4200.0 4231.7 4496.9 4554.7 4570.2 4657.0 4728.5 4821.6 4918.9 5136.1 5166.2 5208.5 5278.5 5403.2 5490.8 5637.5 5772.1 5803.6 5894.5 5951.6 6126.8 6204.8 6380.5 6396.1 6478.6 6625.5 6904.8 6957.8 7398.0 7757.0
84.62 96.06 149.65 195.68 243.47 289.53 298.75 314.17 316.7 347.57 373.08 375.22 449.1 471.52 477.9 531.44 535.73 556.53 568.67 590.2 611.31 613.13 617.33 627.2 629.0 636.23 650.19 678.43 692.92 702.24 730.7 762.03 801.79 819.81 824.76 824.9 834.3 835.49 847.27 879.58 918.94 930.49 931.95 963.7 966.4 978.43 989.72 998.33 1011.9 1024.49 1034.97 1038.5 1057.88 1071.22 1126.31 1262.5 1280.1 1421.3 1444.0 1501.7 1747.6 1790.7 1810.7 1814.4 1844.3 1847.43 1884.2 1892.3 1900.6 1907.4 1912.73 1914.64 1936.6 1938.5 1940.46 1948.62 1956.48 1968.54 1970.69 1979.83 2006.3 2267.7 2340.7 2373.7 2503.8 2542.5 2818.5 2872.1 2919.3 3108.7 3123.8 3396.5 3423.1 3544.0 3697.7 3794.8 4018.5 4025.1 4289.7 4508.8 4949.7 5257.8
162.97 435.96 491.94 648.77 798.42 844.11 940.1 1027.71 1173.27 1230.7 1230.9 1234.83 1307.07 1462.86 1629.61 1670.6 1706.9 1730.84 1789.5 1839.4 2053.8 2204.4 2330.87 2553.0 2612.6 2632.35 2638.2 2653.9 2726.8 2919.0 3277.0 3282.0 3739.0 3868.6 4276.0 4493.0 4852.0 5168.0 5454.0 5899.0 6099.0 6688.0 6803.0
94.8 181.0 200.9 212.1 310.6 373.2 387.8 424.0 435.3 450.2 451.8 486.8 488.4 510.0 521.2 530.6 575.9 590.7 593.3 614.7 615.6 645.3 659.2 660.2 682.4 693.0 699.5 706.6 723.4 728.1 743.7 746.1 746.3 752.9 756.9 757.7 767.7 778.5 785.4 794.3 800.8 816.0 817.1 846.8 874.3 879.3 897.5 914.2 915.6 938.5 942.7 954.5 955.4 958.8 961.5 968.8 972.8 996.8 1021.8 1032.2 1039.9 1058.5 1060.6 1065.4 1068.3 1083.6 1090.5 1097.5 1116.4 1123.8 1126.0 1136.9 1158.4 1159.1 1161.9 1162.3 1179.5 1187.4 1195.9 1196.6 1198.3 1209.3 1211.5 1214.9 1216.8 1223.9 1226.5 1234.2 1249.5 1273.4 1276.4 1283.7 1313.9 1322.7 1324.6 1335.7 1370.3 1374.5 1384.4 1391.9 1394.2 1405.9 1412.0 1417.4 1447.4 1505.6 1518.7 1552.0 1564.6 1589.1 1667.3 1733.0 1756.7 1786.4 1805.4 1833.9 1940.4 1961.2 2048.8 2108.3 2256.3 2270.9 2314.4 2315.1 2489.9 2523.0 2538.7 2548.3 2548.8 2557.9 2559.2 2561.1 2565.8 2577.0 2579.6 2586.2 2587.4 2609.3 2625.1 2726.2 2803.9 2805.9 2833.1 3086.8 3131.4 3287.2 3294.3 3453.5 3511.4 3725.0 3755.5 3872.2 3990.7 4146.7 4263.2 4501.1 4564.6 4902.2 4913.6
191.53 471.51 490.33 607.16 798.48 877.5 956.51 991.5 1175.99 1222.54 1342.88 1362.88 1407.71 1417.89 1470.22 1600.26 1612.2 1632.92 1671.8 1692.73 1801.4 1814.0 1838.05 1858.0 1896.5 1952.33 1969.62 2004.35 2051.4 2108.5 2123.06 2159.4 2195.0 2216.2 2227.6 2253.95 2280.1 2317.0 2336.2 2356.1 2374.92 2430.5 2544.6 2559.4 2611.7 2632.91 2696.4 2788.0 2792.1 2825.1 2864.4 2887.2 3043.0 3073.4 3171.7 3192.1 3192.4 3269.6 3299.8 3310.7 3394.8 3421.4 3530.8 3566.9 3599.8 3664.6 3701.0 3873.8 3893.0 3963.3 3983.9 4051.3 4110.6 4172.6 4208.5 4258.5 4393.2 4483.0 4518.0 4539.9 4661.1 4699.0 4788.3 4836.0 4938.4 4956.2 5188.6 5321.2 5597.1 5738.1 5921.8 6463.8 6582.5 6729.8 7407.8
9.27 25.54 51.25 57.11 74.57 174.4 190.43 203.4 225.7 242.4 260.5 288.33 426.34 426.57 431.1 465.5 474.42 480.65 505.7 507.92 510.42 525.05 572.8 588.1 599.11 620.77 632.9 635.02 652.0 688.68 781.28 845.0 883.21 895.2 903.6 928.5 944.0 968.7 1101.66 1115.0 1153.0 1179.1 1212.7 1304.1 1328.29 1335.0 1341.08 1364.9 1388.07 1398.8 1400.5 1433.77 1454.3 1478.02 1497.6 1570.7 1598.0 1658.8 1840.8 1886.0 1891.3 1970.4 2016.77 2027.98 2038.62 2082.07 2093.3 2094.66 2144.6 2158.0 2170.46 2175.8 2570.9
265.63 605.69 671.01 798.76 936.42 1085.18 1115.24 1184.58 1214.71 1312.67 1350.03 1443.7 1528.05 1566.0 1625.73 1636.26 1674.55 1685.6 1768.53 1776.09 1782.9 1810.7 1954.27 2171.4 2180.2 2210.2 2247.04 2295.62 2312.9 2438.1 2446.89 2457.8 2468.4 2497.52 2524.67 2588.6 2620.9 2664.3 2700.9 2703.4 2703.7 2767.1 2773.1 2798.1 2811.0 2909.6 2960.3 2981.1 3046.75 3105.0 3139.9 3183.7 3226.4 3232.53 3252.7 3260.67 3326.5 3564.9 3581.9 3628.2 3704.0 3867.6 3948.4 4009.0 4175.6 4237.9 4245.7 4282.7 4550.6 4963.5 5748.1 6553.1
6.22 45.69 88.42 172.62 191.6 202.9 221.93 237.5 348.14 356.6 447.65 492.8 499.7 529.61 532.1 609.0 654.3 712.5 843.6 902.4 944.9 955.6 984.2 1048.0 1081.6 1160.82 1185.8 1361.9 1414.9 1415.8 1444.9 1491.2 1512.8 1529.9 1530.6 1556.4 1714.6 1728.0 2056.1 2190.0 2220.3 2291.8 2689.5 2864.8
295.8 597.64 737.04 916.62 920.86 1128.2 1203.02 1287.73 1353.35 1385.9 1395.18 1449.9 1464.54 1600.7 1602.0 1625.6 1628.1 1631.1 1732.7 1737.0 1833.9 1876.8 1915.3 2043.8 2078.3 2222.6 2297.4 2358.3 2382.6 2535.3 2570.7 2603.3 2683.4 2701.8 2726.7 2760.9 2820.7 2821.7 2980.9 3014.0 3024.6 3049.2 3067.4 3069.2 3111.7 3344.6 3415.0 3576.5 3666.2 3808.0 4083.3 4214.3
9.56 30.4 100.67 149.04 158.81 166.5 173.44 253.94 277.88 281.2 293.47 306.34 399.84 451.84 453.83 471.08 487.59 529.27 535.36 574.69 594.28 599.3 613.19 625.85 660.23 662.2 732.4 863.93 919.1 929.2 951.1 986.46 989.5 996.2 1074.03 1113.6 1158.5 1174.6 1289.9 1300.9 1302.7 1309.6 1381.5 1453.2 1471.5 1545.8 1550.4 1590.7 1862.8 1925.1 1939.2 2125.2 2233.4 2581.3 2940.6
316.5071 612.4636 784.5764 920.9188 1132.53 1181.71 1189.11 1195.16 1201.046 1277.9 1307.86 1353.08 1365.4 1378.003 1383.95 1406.32 1439.28 1481.78 1514.2 1518.34 1546.92 1576.39 1666.53 1739.53 1746.4 1823.0 1869.0 1880.24 1883.33 1894.54 1964.51 2018.36 2047.92 2074.1 2103.22 2113.2 2130.04 2149.48 2171.49 2172.36 2200.72 2216.61 2236.94 2257.33 2295.84 2313.5 2319.18 2335.58 2375.38 2399.46 2408.59 2423.06 2453.28 2463.8 2472.5 2511.75 2518.98 2530.3 2533.33 2583.37 2585.03 2591.0 2614.48 2623.72 2626.64 2629.98 2658.5 2675.64 2709.1 2729.4 2757.3 2780.6 2833.7 2856.46 2889.57 2908.55 2933.02 2936.37 2945.89 2950.2 2951.7 2998.23 3022.26 3080.1 3082.4 3145.57 3156.12 3225.5 3357.5 3359.7 3400.0 3542.1 3569.3 3673.8 3695.3 3883.3 3923.6 4160.4 4204.2 4320.5 4950.7
1.642 14.276 114.158 121.29 149.78 187.81 199.0 232.16 269.83 439.05 491.0 491.24 519.6 522.53 603.3 907.4 980.5 1003.4 1103.5 1159.9 1320.9 1454.8 1510.4 1631.8 1689.9 1776.9 1986.7 1992.2 2335.2 2696.2 3129.2
328.453 621.995 811.318 922.743 1229.54 1267.155 1373.94 1411.86 1422.39 1432.51 1479.22 1485.17 1498.64 1511.938 1547.22 1592.7 1622.14 1670.62 1737.35 1778.62 1783.63 1797.374 1803.0 1817.08 1888.31 1893.59 1924.23 1925.88 1930.37 1961.31 1984.5 1991.83 2000.0 2003.73 2043.68 2047.64 2053.41 2063.75 2085.52 2099.6 2109.06 2114.01 2134.16 2140.82 2157.81 2163.74 2185.19 2214.44 2215.468 2239.75 2286.98 2298.17 2309.7 2311.85 2356.23 2365.67 2397.5 2412.2 2423.6 2438.52 2689.28 2700.2 2829.5 2848.6 2916.6
98.882 129.777 199.526 211.398 222.225 239.269 259.3 389.16 419.703 432.2 449.66 455.2 508.08 524.848 544.2 547.27 562.81 590.896 612.72 630.138 632.1 664.2 667.1 678.0 695.3 739.546 793.0 814.52 821.85 895.42 926.89 930.71 1091.8 1095.8 1122.66 1132.401 1160.38
355.6841 688.693 876.865 1015.044 1135.311 1270.212 1293.308 1361.585 1373.6 1402.727 1429.74 1447.043 1525.8 1535.8 1604.494 1609.74 1677.256 1679.81 1754.655 1795.09 1802.302 1820.69 1823.23 1825.714 1847.348 1853.659 1888.139 1901.7 1918.54 1932.01 1968.906 1984.93 1988.218 1998.96 2007.4 2013.88 2046.99 2069.29 2087.327 2093.0 2124.389 2126.935 2161.5 2162.7 2174.43 2183.6 2199.45 2204.431 2229.6 2245.559 2252.7 2262.428 2309.23 2324.224 2345.3 2365.976 2375.11 2383.33 2403.66 2420.4 2422.51 2423.4 2429.7 2433.7 2438.0 2443.93 2454.2 2460.1 2468.0 2469.85 2488.238 2505.12 2527.84 2529.3 2570.8 2603.2 2606.0 2608.0 2626.4 2631.1 2667.246 2692.2 2711.0 2736.1 2749.6 2824.0 2875.4 2888.8 3044.0 3124.2 3131.8 3161.9 3176.3 3214.8 3298.0 3303.5 3366.8 3424.3
53.088 71.6 98.6 130.98 269.11 299.33 399.59 456.88 502.43 595.31 708.37 747.82
407.22 774.72 914.52 985.08 1248.0 1279.43 1286.15 1367.06 1445.32 1481.23 1501.96 1550.39 1636.93 1656.83 1672.13 1680.3 1714.18 1741.16 1784.52 1849.2 1944.0 1979.46 1995.86 2603.5
32.0 35.9 424.0
470.1 867.58 1103.3 1118.0 1181.28 1268.5 1566.9 1583.1 1617.0 1692.5 1884.2 1908.1 1919.4 1970.3 1990.7 2098.5 2120.1 2258.3
