181 200
29.4 228.98 242.64 305.46 333.89 458.54 529.36 571.58 574.56 620.28 685.66 687.14 902.64 955.0 958.2 987.97 1003.1 1006.0 1137.43 1325.7 1366.4 1387.4 1431.9 1513.5 1518.3 1654.3 1772.4 1837.7 1934.7 1942.8 2029.1 2095.7 2096.1 2241.6 2287.4 2366.4 2388.7 2515.9 2535.2 2538.6 2722.1 2742.5 2807.7 2864.3 2945.3 2967.7 3140.8 3298.5 3443.1 3500.1 3706.9 3844.6 3861.0 4129.1 4190.5 4205.1 4260.1 4440.9 4634.6 4865.8 4929.7 5026.1 5650.1 5717.7

12.4 12.78 73.3 91.28 172.67 179.14 230.6 231.2 263.53 273.5 289.43 296.8 317.94 517.1 562.52 565.3 599.6 701.8 779.86 811.13 817.67 865.4 885.57 989.1 1022.9 1025.1 1054.5 1100.2 1148.5 1487.5 1491.9 1527.7 1544.7 1605.5 1671.2 1680.9 1681.96 1800.54 1981.1 1986.3 2063.4 2096.7 2490.9 2541.4 2685.7 2691.0 3048.7 3149.3 3310.7 3359.9 3656.7 3798.8 4053.0 4309.6 4461.0 4765.5 4989.2 5129.0 5500.5 5681.3 6276.5 6381.5 7110.5 7879.5
156.24 159.33 248.15 282.8 295.11 392.42 418.31 421.66 534.0 551.6
8.9 23.6 35.78 40.8 107.5 213.7 220.1 221.3 233.9 258.7 280.0 288.5 291.1 301.2 322.0 330.3 388.0 429.8 439.5 490.2 535.5 544.0 572.1 583.0 595.8 616.6 648.0 659.7 681.1 682.3 712.0 770.0 776.5 789.7 836.3 838.2 860.3 863.4 953.8 954.8 1028.5 1029.4 1040.7 1060.2 1072.4 1136.2 1209.4 1229.3 1233.0 1298.3 1309.7 1328.1 1396.9 1438.1 1509.4 1548.8 1564.5 1705.8 1761.2 1986.3 1994.6 2025.2 2095.0 2146.4 2302.5 2503.0 2561.7 2584.3 2619.3 2687.0 2831.6 3037.3 3059.0 3117.3 3225.1 3309.7 3365.0 3657.0 3657.3 3898.1 3945.8 4244.7 4293.0 4612.0 4872.9 4967.0 5372.0 5545.0 5695.0 6273.0 7038.0
36.14 113.94 189.74 227.77 251.5 288.0 337.64 349.1 350.87 363.61 393.02 405.21 438.8 441.7 464.2 487.3 496.6 556.8 595.92 598.21 611.9 664.3 689.43 715.49 732.7 800.3 804.7 942.6 1032.3 1044.3 1144.1 1145.1 1283.0 1300.6 1503.8 1608.66 1686.96 1691.36 228.6 398.1 455.1 561.4 612.9 658.6 770.5 775.5 791.1 924.8 927.0 994.7 1093.0 1276.3 1292.3 1293.0 1496.9 1518.0 1632.7 1738.0 1844.7 1964.9 1991.0 2124.0 2211.0 2226.2 2343.3 2399.1 2462.1 2488.5 2603.5 2665.5 2725.6 2808.5 2986.6 3114.0 3197.0 3266.2 3549.5 3573.2 3619.0 3869.0 3954.0
19.47 120.51 172.0 203.52 224.05 240.26 290.92 353.88 443.41 476.74 495.38 496.84 619.87 633.72 673.6 688.39 688.57 710.51 742.0 749.5 767.46 816.0 840.4 881.5 956.46 967.97 993.2 1102.4 1120.65 1121.83 1149.2 1197.6 1232.9 1316.5 1381.04 1398.0 1405.1 1418.8 1419.9 1471.2 1593.9 1697.4 1740.0 2052.9 2097.8 2114.8 2160.7 2195.7 2281.5 2292.9 2431.0 2568.7 2580.5 2669.5 2792.9 2798.8 2922.8 2924.4 2966.5 3039.6 3129.0 3346.3 3482.4 3483.4 3503.5 3676.9 3762.0 3810.6 3994.0 4225.6 4263.8 4506.6 4577.0 4593.5 4650.9 4657.1 4788.6 4851.2 5040.8 5254.3 5281.8 5375.8 5428.5 5519.7 5782.8 6129.1 6216.5 6400.3 6859.1 7097.5 7219.9
16.0 82.7 114.2 114.8 217.5 297.1 304.9 442.7 447.1 566.6 567.3 606.0 859.8 1012.1 1047.8 1103.0 1123.4 1205.0 447.3 803.7 1170.0 1535.4 1691.6 1911.8 1957.6 1964.8 2216.9 2242.6 2257.0 2344.5 2503.3 2669.2 2733.3 2789.3 2807.2 2873.2 3012.9 3309.2 3362.9 3416.9 3567.0 3734.9 3807.9 4126.7 4215.8 4385.2 5325.2
9.89 203.82 248.51 307.56 325.43 483.81 491.95 512.3 646.43 647.17 681.75 712.98 760.85 771.02 812.65 847.61 861.87 961.32 1058.79 1097.37 1105.4 1112.31 1130.29 1146.17 1188.28 1254.6 1299.0 1301.08 1316.0 1352.6 1367.9 1383.3 1411.5 1419.8 1481.9 1534.65 1559.3 1601.21 1662.1 1739.04 1788.1 1837.0 1935.13 1939.13 2061.5 2073.73 2143.0 2169.34 2203.6 2241.16 2248.7 2257.52 2265.14 2272.6 2276.6 2281.45 2295.32 2299.1 2318.11 2399.1 2449.8 2513.3 2552.7 2712.9 2861.6 2987.6 3220.3 3231.8 3431.4 4001.8 4219.6 4853.7
29.1 122.0 129.6 165.4 171.6 284.5 347.7 414.0 417.9 419.9 421.8 431.0 545.4 427.7 743.4 1145.3 1467.7 1598.0 1830.0 1834.8 1929.1 2148.1 2221.7 2259.4 2638.7 2703.6 2728.7
11.6 207.9 252.5 266.2 331.4 490.9 521.3 540.3 662.5 686.3 788.6 844.8 876.7 897.3 911.4 1066.0 1132.0 1268.5 1341.3 1352.0 1356.0 1376.2 1394.0 1412.0 1431.0 1460.0 1482.0 1550.0 1630.0 1991.0 2024.0 2032.0 2041.0 2130.0 2159.0 2175.0 2187.0 2199.0 2219.0 2235.0 2348.0 2423.0 2447.0 2490.0 2503.0 2748.0 2804.0 3147.0 3203.0 3822.0 415.7 686.6 998.6 1350.8 1742.3 2172.1 2639.9 3144.7 3685.6 4262.0 4873.0 5518.0 6195.7 6906.1 7648.7 8422.9 9229.1 10066.1 10935.1 834.8 1310.4 1823.1 2372.3 2956.7 3574.6 4226.6 4910.6 5626.1 6372.1 803.4 1262.0 1757.7 2289.2 2856.0 3456.6 4091.1 4757.8 5457.0 6187.5 6948.5 7738.5
31.61 72.61 120.09 135.41 146.06 157.28 167.49 204.57 224.9 242.9 245.44 262.59 306.47 371.8 431.6 436.59 659.3 839.3 1099.1 1547.3 1819.6 1962.9 2176.2 2316.4 2431.3 2516.9 2582.3 2608.0 2978.1 3013.9 3317.3 3524.9
38.23 224.8 257.98 290.19 381.63 508.25 539.0 687.45 697.8 789.93 808.57 827.67 863.35 890.78 929.12 1089.23 1118.96 1131.82 1153.53 1194.29 1284.8 1355.31 1372.93 1379.96 1398.49 1400.38 1413.05 1418.9 1433.48 1455.18 1477.17 1478.4 1496.28 1514.19 1572.53 1575.61 1603.19 1630.23 1654.72 1658.0 1680.34 1684.73 1733.43 1776.03 1794.9 1815.1 1815.4 1829.9 1861.91 1869.27 1876.28 1915.19 1930.02 1939.18 1946.9 2012.19 2014.7 2023.45 2037.46 2043.3 2063.03 2079.8 2087.1 2104.42 2125.37 2130.38 2139.77 2140.0 2157.63 2159.02 2172.7 2196.87 2201.72 2205.93 2215.19 2255.11 2279.38 2285.28 2291.0 2324.7 2377.7 2476.4 2486.5 2700.9 2923.2 3154.9 3441.7 3895.9 4063.2
35.19 80.51 107.4 244.6 278.2 406.8 439.6 475.8 535.9 609.3 618.8 685.8 720.1 768.6 840.4 888.0 1033.2 1154.3 1284.9 1525.7 1748.3 1848.7 2091.5 2184.8
61.435 241.55 261.79 318.58 439.53 525.64 549.38 706.48 778.22 818.52 841.23 878.85 894.15 946.83 955.08 1068.0 1082.95 1110.76 1172.44 1250.96 1280.51 1324.64 1346.19 1353.61 1366.0 1396.63 1404.6 1406.17 1425.0 1433.0 1443.17 1487.01 1490.2 1559.6 1605.57 1813.0
84.66 232.47 370.15 400.84 420.75 595.66
77.351 268.786 278.99 409.15 502.5 547.5 736.7 855.5 888.11 936.0 1045.1 1120.0 1150.5 1217.3 1220.0 1231.0 1242.0
55.18 91.004 192.9427 214.9708 236.0441 247.5719 259.3382 261.4033 312.22 328.48 339.2895 346.9056 362.8972 368.2529 381.1993 406.0064 449.5681 453.8234 482.3245 495.5091 511.5181 516.3815 529.1671 530.4767 544.0081 548.9326 571.241 625.4276 632.4792 637.122 646.407 672.6533 694.43 696.699 702.4785 703.7274 728.668 745.2156 758.395 764.478 786.5336 789.2954 800.038 801.7043 810.424 811.7 824.591 835.362 868.771 891.613 894.2527 896.5651 916.4418 918.5862 931.94 951.417 956.9448 960.624 971.8184 983.0823 987.5714 999.206 1018.428 1032.241 1038.273 1047.11 1056.714 1061.277 1075.533 1092.874 1095.495 1104.84 1108.867 1115.257 1124.877 1157.236 1160.011 1191.558 1202.26 1209.362 1232.799 1240.381 1256.005 1265.519 1272.131 1286.718 1293.898 1297.13 1301.041 1304.816 1306.852 1318.625 1325.828 1335.535 1338.166 1359.026 1363.341 1371.475 1375.983 1380.88 1390.212 1396.136 1399.334 1402.084 1404.889 1409.371 1418.679 1423.792 1431.638 1434.582 1444.393 1453.831 1458.982 1472.091 1475.616 1487.126 1496.191 1505.164 1513.555 1530.695 1536.355 1542.775 1554.423 1560.399
77.1867 317.0523 323.6427 493.7747 542.9955 548.9368 734.7048 791.7718 822.533 907.262 968.334 1070.121 1103.971 1159.378 1249.712 1396.287 1572.105 1770.46
59.97 76.21 103.64 166.0 239.54 243.55 292.7 303.68 390.21 468.71
