176 206
613.0 1369.0 1920.0



434.1 706.3 1032.1 1436.5 1913.2 2454.7 3054.2 3702.0
80.5 248.4 263.9 315.7 400.1 416.8 535.2 575.7 656.3 766.3 794.2 889.7 979.5 1083.9 1198.6 1238.2 1325.3 1453.6 1587.9 1691.1 1749.4 1835.9 1987.0 2161.0 2240.6 2323.2 2411.0 2786.0 2952.7
351.8 548.6 613.2 929.8 946.3 1297.7 1360.3 1385.3 1477.8 1534.3 1572.7 1764.4 1769.6 1824.4 1847.7 1946.2 2008.8 2013.9 2211.5 2315.6 2324.5 2400.8 2412.8 2687.7 2714.5 2722.6 2930.6 3012.1 3112.3 3166.4 3290.6 3489.8 3574.1 3648.5 3675.2 3910.0 4071.5 4099.0 4142.4 4382.8 4567.0 4621.0 5112.6
67.16 86.8 104.93 251.57 261.6 275.33 285.9 406.93 542.5 577.3 585.79 620.27 695.33 779.48 906.5 953.3 966.94 993.0 1099.05 1219.5 1345.3 1402.53 1404.7 1465.8 1553.4 1720.9 1849.2 1915.6 1921.5 1997.7 2074.7 2276.7 2408.9 2492.0 2497.5 2582.8 2657.7 2879.5 3010.7 3022.5 3102.1 3138.8 3214.0 3295.3 3520.0 3632.6 3725.9 3831.0 3882.4 3978.8 4560.0 4701.9
366.51 375.1 534.4 653.3 983.3 993.3 1088.6 1412.0 1779.6 1901.8 2355.0 2453.1 3057.6 3704.3 4379.3 5087.0 5848.0 6657.0
26.1 34.0 96.0 99.3 141.0 280.7 329.5 412.7 435.7 479.8 541.2 549.6 612.7 633.8 806.5 906.8 1015.3 1020.0 1030.5 1093.0 1248.4 1359.9 1460.6 1495.4 1514.3 1752.9 1886.0 1954.7 2029.2 2052.0 2310.1 2478.9 2480.5 2611.8 2648.3 2909.2 3027.5 3123.7 3236.0 3295.2 3532.7 3617.3 3810.7 3867.0 3899.0 3982.7 4176.9 4581.0 4702.7
405.33 523.0 621.08 807.99 1080.36 1096.61 1164.78 1228.4 1433.83 1578.0 1589.0 1614.9 1659.5 1677.96 1868.5 1906.8 1965.9 1975.9 2055.5 2078.1 2130.4 2138.0 2155.8 2185.7 2211.7 2217.3 2268.1 2349.1 2394.3 2427.6 2428.0 2464.9 2573.8 2591.9 2620.1 2636.4 2809.6 2833.6 2848.2 2927.6 3017.1 3049.1 3089.1 3201.7 3267.4 3305.2 3314.6 3470.9 3471.3 3502.9 3582.9 3735.4 3812.7 3827.6 3873.5 3969.6 4040.6 4053.3 4183.6 4265.3 4268.6 4449.3 4501.6 4624.6 4642.3 4643.3 4775.5 4838.4 4838.5 4866.3 5116.1 5190.4 5267.0 5292.8 5317.6 5342.4 5404.3 5429.5 5817.0 5963.0 6039.0 6556.0 6634.0 6680.0 7330.0 7356.0 8097.0 8134.0 8873.0
161.0 167.3 401.8 424.0 437.0 535.6 729.8 917.0 1020.2 1078.3 1175.8 1383.1 1586.2 1756.7 1801.4 1922.9 2067.2 2072.7 2155.4 2411.4 2478.6 2524.4 2773.0 2791.4 2999.9 3169.4 3301.4 3435.2 3714.9 3839.5 4024.4 4134.2 4870.2
412.8 824.5 881.0 1004.8 1207.8 1239.6 1455.1 1509.1 1718.9 1774.6 1777.1 1890.4 1907.8 1909.6 1969.7 2076.9 2136.3 2201.2 2249.7 2295.3 2350.8 2422.4 2448.6 2470.5 2490.8 2566.9 2662.3 2680.7 2724.3 2783.9 2946.9 2967.7 3011.2 3069.2 3113.6 3161.7 3219.2 3249.7 3446.9 3681.8 3687.9 3689.2 3804.3 3821.4 3931.4 4126.6 4160.3 4255.6 4256.8 4329.3 4503.0 4554.1 4581.9 4628.3 4841.0 4850.6 4949.8 4988.3 5150.6 5306.4 5397.5 5469.1 5582.6 5602.0 5605.2 5684.0 5706.3 5742.6 5916.9 6161.9 6243.1 6386.2 6405.8 6407.8 6717.9 6831.6 6952.9 7139.0 7314.9 7852.7 7941.2
64.3 403.0 473.8 1029.8 1110.1 1690.8 1762.8 1916.7 1976.1 2220.4 2252.6 2434.9 2476.9 2615.5 2674.3 2686.0 2820.7 3123.7 3139.7 3153.5 3343.8 3540.2 3793.1 3875.2 4378.3 4741.4 774.5 1223.2 1711.7 2239.7 2806.6 3410.5 4050.8 4726.7 5434.3
416.4 1041.8 1099.9 1279.4 1558.8 1571.1 1657.0 1772.9 1881.4 1975.2 2072.8 2078.2 2200.9 2251.7 2318.4 2318.7 2335.3 2391.9 2424.7 2464.9 2510.0 2572.9 2596.9 2620.8 2724.0 2865.3 2930.9 3040.7 3357.9 3548.5 3611.3 3703.4 3979.5 4087.1 4242.8 4326.1 4492.4 4551.5 4709.3 5105.6 5228.7 5334.3 5351.6 5794.7 6142.2 6335.1 6576.1 676.9 1079.2 1522.2 2004.9 2526.2 2956.0 3084.8 3437.1 3679.7 3948.5 4309.8 4491.7 4973.9 5067.3 5670.8 5675.4 6317.0 6399.3 6991.5 7156.7 7698.6 7940.2 8742.0 597.0 955.3 1352.7 1788.6 2262.6 2773.2 3320.9 3903.8 4521.7 5173.2 912.8 1399.5 1914.5 2462.2 3044.9 3662.6 4316.2 5005.8 5729.1 6489.5 7280.5
51.6 103.7 216.0 265.0 336.3 375.5 377.9 390.5 430.4 534.7 535.3 563.5 588.6 632.3 659.1 691.8 742.7 761.1 880.3 900.0 911.3 952.1 997.1 1016.3 1019.3 1024.0 1081.0 1088.0 1105.7 1107.2 1130.8 1133.3 1146.5 1171.8 1178.3 1193.2 1199.0 1208.0 1212.4 1257.0 1317.6 1319.0 1320.0 1434.0 1470.8 1539.0 1637.9 1688.0 1769.5 1804.6 1844.0 1861.8 2064.8 2123.6 2286.0 2299.0 2303.0 2307.0 2310.0 2315.0 2328.9 2335.0 2340.0 2352.0 2357.0 2358.8 2361.6 2406.0 2409.0 2412.4 2423.0 2431.6 2440.2 2442.0 2443.0 2460.0 2475.0 2476.0 2477.0 2543.0 2545.0 2588.9 2594.9 2598.6 2643.5 2690.4 2935.5 3078.5 3117.5 3167.0 3222.2 3252.8 3428.9 3487.7 3518.9 3728.1 3792.7 3946.8 3957.2 3969.0 3988.6 4140.9 4217.7 4276.1 4357.4 4382.6 4492.0 4529.8 4587.1 4632.3 4653.7 4667.4 4850.9 4855.9 4894.9 4903.5 4957.7 5006.5 5027.8 5072.0 5128.2 5142.5 5296.1 5427.3 5506.6 5534.0 5553.4 5653.8 5795.7 5802.8 6025.4 6085.3 6230.8 6333.7 6459.6 6520.7 6678.2 6936.5 7077.4 7227.0 7527.8 7670.7 7689.9 7697.0 7987.4 8351.8 8668.9 662.4 1054.0 1485.3 1955.4 2463.8 3009.7 3592.1 4210.6 4864.3 5552.6 6274.8 7030.4 7819.2 545.1 878.2 1251.0 1662.8 2113.1 2601.2 3126.4 3688.0 4285.2 4917.3 5583.5 6283.4 7016.1 7781.3 8577.8 585.1 937.7 1329.2 1758.9 2226.0 2729.9 3269.6 3844.6 4454.1 5096.8 5772.9 6481.4 7221.4 7992.7 8793.2 604.5 971.6 1381.9 1834.5 2328.6 2864.0 3439.0 4053.3 4704.1 5391.7 6114.9 6870.9 7659.9
422.79 1057.58 1113.6 1535.2 1732.98 1803.05 1831.62 1843.9 1844.59 1908.58 1977.03 1986.9 2056.29 2081.69 2186.98 2216.2 2223.85 2276.9 2284.7 2300.7 2447.2 2507.3 2534.2 2535.5 2632.7 2657.1 2756.7 2902.3 2951.7 3047.0 3261.9 3449.6 3608.6 3669.8 3725.6 3894.9 3984.9 4010.5 4089.9 4130.6 4216.9 4387.7 4389.4 4519.8 4588.4 4741.6 4950.5 5021.6 5130.7 5216.0 5271.6 5316.5 5543.5 5587.1 5655.2 5700.6 5787.9 6012.2 6112.6 6125.5 6233.6 6294.6 6303.3 6428.1 6432.8 6437.6 6709.4 6855.0 6949.2 7035.3 7043.3 7267.6 7272.5 7320.1 7434.9 7516.1 7684.9 7722.0 7787.8 7819.6 7838.4 7926.7 7959.0 8180.7 8194.6 8207.6 8224.3 8263.5 8302.6 8331.1 8543.2 8631.0 8693.0 8712.6 8961.3 8990.2 9196.0 9375.9 9443.4 9666.0 9932.8 10038.0 10464.4 472.2 772.3 1113.7 1495.3 1916.4 2375.2 2871.2 3403.3 3970.7 4572.4 5207.3 5875.4 6575.5 7307.0 8069.3 8862.0 9684.9 10538.0 11426.7 523.6 845.7 1207.0 1607.2 2045.2 2520.4 3031.4 3578.1 4156.9 4761.3 5385.5 6037.7 6722.0 7439.7 8189.5 8972.6 9791.6 705.9 1118.0 1568.6 2056.9 2582.4 3144.1 3741.4 4371.5 5030.5 5711.5
39.51 49.95 140.76 207.74 324.36 344.0 374.61 522.8 746.8 752.6 1026.5 1145.3 1380.3 1523.2 1580.1 1735.8 1755.6 1884.2 1886.2 1890.8 2095.9 2189.1 2289.5 2351.8 2502.1 2583.6 2617.2 2641.7 2695.6 2762.2 3176.2 3196.0 3202.5 3220.1 3223.6 3260.2 3497.4 3570.1 3727.0 3754.2 3811.0 3850.6 3880.5 3883.8 4119.7 4120.4 4150.8 4197.9 4396.7 4412.5 4416.7 4462.2 4539.0 4674.1 4683.8 4688.4 4720.6 4791.9 4864.9 4889.8 4958.4 4963.9 5033.1 5047.9 5117.3 5319.9 5339.0 5361.7 5391.8 5400.3 5411.5 5442.5 5547.5 5559.5 5560.5 5678.3 5698.0 5702.7 5714.8 5747.5 5800.6 5832.0 5899.0 6017.0 6067.6 6103.8 6145.2 6163.6 6305.2 6394.9 6419.4 6428.5 6464.6 6496.9 6726.3 6832.3 6839.9 6913.3 6921.7 6921.9 6978.6 7037.5 7038.0 7133.3 7186.7 7197.9 7245.7 7276.5 7281.6 7440.0 7476.4 7492.3 7555.1 7560.3 7681.2 7699.5 7838.3 7919.9 7924.8 8137.0 8330.9 8388.8 8394.8 8750.9 8757.8 8886.8 8978.1 9221.5 9409.1 9675.9 9923.1 10290.4 10853.6 366.1 507.4 660.7 821.4 995.6 1174.8 1370.1 1566.7 1783.2 1995.7 2234.3 2460.1 2722.6 2957.5 3247.5 3485.7 3807.4 4044.2 4402.3 4634.2 5031.1 5256.8 5692.8 5912.5 6386.9 6601.0 7112.5 7322.3 7869.1 8075.5 8656.4 8860.4 9474.1 9677.0 10321.6 10524.8 11197.7 11405.7 365.1 508.7 659.7 823.9 994.6 1178.8 1369.1 1572.6 1782.2 2004.7 2233.3 2474.5 2721.6 2980.7 3246.5 3522.2 3806.4 4099.0 4401.3 4710.3 5030.1 5354.6 5691.8 6032.4 6385.9 6742.3 7111.5 7484.5 7868.1 8255.7 8655.4 9057.9 9473.1 9890.0 10320.6 10750.5 11196.7 619.8 986.4 1391.4 1835.6 2319.9 2845.8 3412.5 4017.5 4658.0 5332.5 6040.0 6779.3 7549.0 8350.3 9181.6 10042.6 522.4 845.9 1211.3 1617.8 2065.3 2553.4 3081.3 3648.5 4254.8 4899.3 5581.2 6299.8 7054.3 7844.1 8668.4 9526.3
427.78 1064.0 1073.0 1468.2 1798.7 1812.8 1909.7 2137.5 2142.6 2165.1 2179.2 2259.3 2264.0 2363.6 2374.0 2422.9 2463.1 2474.7 2561.2 2687.0 2887.6 3063.0 3172.4 3393.1 3530.7 3747.0 3819.5 3878.4 3983.2 4004.2 4014.3 4113.9 4274.4 4289.2 4316.9 4490.8 4497.0 4520.4 4796.9 4895.9 4984.7 5102.8 5162.9 5265.2 5391.0 5492.9 5522.4 5577.4 5609.4 5699.6 6012.5 6031.9 6048.9 6119.4 6255.6 6349.0 6409.9 6454.3 6628.1 6644.8 6674.8 6776.2 6789.7 6814.7 6833.1 6882.1 6940.7 6988.3 7178.1 7262.1 7303.0 7452.5 7515.2 7554.6 7581.1 7587.1 7714.8 7767.3 7783.3 7892.6 7940.8 8017.4 8286.2 8309.2 8359.9 8560.6 8663.8 8741.6 8764.0 9067.3 9161.7 9255.8 9499.5 9563.8 9590.4 9619.5 9783.7 9880.8 9932.1 10114.2 10224.4 10346.7 10602.3 10645.2 10943.5 11011.3 11211.5 11573.4 11812.4 12235.5 12447.0 12928.8 13114.9 13652.8 13815.0 14406.7 14546.7 15190.4 15309.5 16003.5 16103.0 16846.0 16926.6 17718.5 17780.4 18621.6 18664.0 443.02 726.16 1049.6 1412.71 1814.75 2255.04 2732.72 3246.93 3796.86 4381.68 5000.63 5652.66 6337.23 7053.42 7800.3 8578.0 9385.8 10223.3 11090.3
37.083 53.289 176.07 279.203 300.55 373.17 410.31 422.51 547.06 595.48 600.67 764.57 814.71 844.8 848.38 874.66 893.16 921.56 1004.56 1067.43 1140.33 1158.41 1259.51 1301.1 1400.77 1460.91 1486.5 1548.67 1664.24 1714.65 1742.59 1744.37 1831.39 1865.95 1868.85 1870.1 1879.26 1893.13 1975.37 2014.69 2057.37 2080.93 2171.6 2230.14 2255.59 2285.07 2305.01 2311.5 2338.4 2339.2 2363.1 2403.1 2413.01 2420.27 2428.79 2456.8 2508.24 2513.23 2627.8 2691.3 2759.0 2773.8 3159.2 3214.9 3264.9 3366.8 3403.3 3505.0 3556.0 3562.6 3699.7 3866.7 3868.8 4080.2 4183.0 4197.1 4397.4 4519.8 4580.8 4709.6 4741.7 4802.5 4808.9 4901.5 4982.2 5136.5 5175.8 5242.2 5253.5 5309.4 5379.3 5400.4 5410.8 5446.0 5490.1 5499.3 5558.0 5591.4 5597.7 5686.8 5748.6 5799.6 5869.0 5892.2 5962.9 6175.4 6298.6 6326.5 6495.4 6650.5 6791.6 7127.1 7188.8 7404.9 7411.8 7536.6 7744.1 8008.9 8066.6 8381.7 8456.1 8891.8 9331.4 9785.3 10220.8 443.2 748.8 627.9 1000.7 1411.9 1860.3 2345.0 2864.8 3418.8 4006.3 4626.6 5278.8 5962.0 6676.2 7419.4 8192.2 8994.4 9826.3 10687.4 11574.4 588.1 941.6 1333.8 1763.7 2230.6 2733.4 3271.0 3842.3 4446.5 5082.7 5750.8 6448.9 7177.2 7935.0 8722.2 9538.0 10383.0 11257.0 528.5 853.5 1218.9 1624.2 2069.2 2553.7 3077.3 3639.4 4239.4 4876.6 5549.9 6258.6 7000.8 7776.9 8581.9 9411.0 10259.5 11127.5 722.8 1141.9 1599.1 2093.6 2625.0 3192.6 3795.4 4433.5 5105.9 5811.8 6550.9 7322.5 8125.5 8962.0 9830.0 10729.0
425.98 958.4 1036.65 1061.44 1319.0 1390.9 1451.1 1644.3 1695.8 1757.03 1774.99 1785.15 1815.2 1841.34 1845.4 1922.0 1979.0 1985.9 1988.2 2012.6 2044.1 2058.46 2064.35 2097.78 2262.76 2342.3 2346.2 2358.89 2439.0 2454.8 2495.9 2553.7 2620.56 2654.2 2843.6 2929.5 2977.0 3164.0 3199.6 3236.5 3310.9 3402.1 3507.4 3684.3 3697.2 3791.7 3976.0 4321.0 4387.9 5038.2 5198.8 5350.3 5616.0 5846.2 5858.9 5957.9 6443.2 6499.2 6600.4 6702.4 6959.0 7137.4 7325.7 7505.6 7793.7 8254.7 8652.3
133.96 152.14 298.93 307.77 308.5 477.72 509.0 557.77 578.0 585.38 652.7 676.75 715.36 792.04 829.07 892.53 903.6 921.68 940.72 982.89 1009.32 1026.24 1032.02 1120.0 1145.24 1174.95 1259.3 1273.5 1343.9 1381.66 1437.64 1536.8 1563.43 1634.3 1634.6 1682.2 1693.73 1702.2 1833.0 1955.8 2037.0 2095.9 2161.6 2196.2 2228.6 2295.6 2710.4 2768.6 3045.1 3464.0 4061.2
411.8025 1048.49 1087.687 1401.52 1419.41 1548.49 1612.44 1635.6 1683.3 1815.83 1832.6 1834.9 1847.21 1858.89 1899.4 1901.51 1909.6 1910.8 1971.02 2005.35 2048.6 2058.9 2070.8 2109.8 2125.2 2132.6 2169.39 2177.6 2202.5 2209.25 2219.4 2267.7 2287.1 2296.16 2320.3 2331.56 2337.5 2360.77 2434.8 2451.89 2465.44 2466.9 2486.09 2515.8 2564.34 2578.0 2602.46 2612.6 2644.2 2694.8 2731.2 2756.0 2782.76 2816.1 2825.5 2835.49 2845.1 2861.6 2868.8 2894.3 2925.9 2954.6 2975.9 2986.8 3013.2 3022.1 3095.7 3128.0 3164.7 3325.5 3485.9 4262.4 4302.2 4635.7 5284.2
158.3795 208.2062 403.51 413.84 455.462 492.297 532.48 750.4 823.88 1221.17 1274.1 1357.2 1769.3 2107.3 2332.0 2425.6 2487.8 2629.7 2765.9 3068.4
367.944 947.242 1029.34 1254.1 1515.17 1570.28 1573.67 1593.43 1630.9 1641.44 1659.01 1706.74 1718.3 1730.93 1734.34 1775.56 1845.77 1851.5 1856.78 1882.86 1962.6 1972.28 1974.34 2049.1 2061.26 2074.33 2114.35 2116.55 2126.86 2127.93 2135.5 2143.8 2151.4 2189.47 2229.27 2238.5 2246.44 2274.23 2288.93 2296.34 2331.78 2343.59 2370.04 2377.1 2388.71 2411.83 2442.7 2461.83 2491.43 2522.1 2590.8 2639.93 2641.6 2679.8 2847.53 2853.05 2959.95 2978.21 3053.31 3073.82 3123.0 3186.34 3215.2 3269.43 3288.92 3611.6
1.556 26.269 32.138 167.45 384.601 414.522 464.41 543.3 547.32 553.04 645.3 732.3 766.22 1188.3
439.562 959.94 1119.86 1182.25 1311.57 1347.97 1389.65 1411.44 1561.97 1564.83 1575.41 1624.04 1643.67 1678.41 1724.83 1746.14 1788.41 1794.08 1823.45 1852.11 1861.6 1959.45 1965.57 1966.29 1988.61 2071.27 2126.51 2133.86 2161.77 2249.53 2280.29 2292.2 2293.21 2309.4 2323.27 2340.2 2356.95 2516.5 4922.0
225.2 368.9 548.7 591.5 690.0 755.5 933.1 1117.9 1488.2
436.552 1128.35 1635.76 1716.76 1828.76 1841.42 1851.35 1947.68 1989.34 2088.61 2094.46 2117.39 2131.26 2140.84 2191.05 2236.05 2263.0 2264.06 2295.66 2300.35 2300.7 2385.9 2395.92 2465.46 2514.55 2568.95 2628.26 2675.33 2724.05 2726.7 2760.6 2812.83
379.48 467.51 1280.6 1325.1 1346.11 1395.07 1447.2 1556.53 1847.39 2011.56
1068.54 2102.6
