183 210
907.4 976.8 1097.5 1136.9 1397.0 1752.0 2191.4 2706.0 3288.4 3915.0

284.0 454.0
89.5 293.7 374.0 650.1 971.6
299.33 335.0 678.8 729.1 747.87 871.8 951.9 997.34 1060.65 1072.6 1205.9 1261.8 1375.5 1426.7 1434.23 1445.53 1448.46 1453.45 1464.85 1586.9 1631.9 1730.8 1738.95 1823.03 1839.0 1875.76 1931.7 1949.6 2105.25 2255.7 2276.8 2301.7 2364.16 2440.2 2547.85 2582.6 2640.9 2674.6 2793.9 2910.46 2948.8 3058.5 3364.6 3486.3 3511.9 3628.4 3745.7 3976.5 4139.5 4249.0 4911.4 5609.0
185.0 758.2 268.8 302.4 575.1 876.8
667.0 981.0 1147.0 1409.0 1545.0 1645.0 1828.0 1994.0 2164.0 2235.0 2307.0 2630.0 3092.0 3626.0 4229.0 694.2 1102.7 1551.3 2039.6 2566.4 3131.1 3732.6 4369.4 5040.3 649.3 1034.3 1461.3 1927.5 2432.3 2973.7 3552.8 4167.0 4815.4
112.2 151.3 158.15 161.9 210.55 274.17 300.1 372.75 376.26 416.68 495.07 539.81 572.5 598.33 738.99 853.0 890.72 942.21 1235.2 1235.5 1854.5
341.2 686.1 745.3 859.6 1011.2 1172.8 1216.6 1299.8 1392.1 1438.9 1704.7 1760.2 1929.3 2010.7 2077.5 2183.7 2231.8 2321.0 2329.2 2387.1 2407.5 2431.9 2486.3 2600.3 2622.1 2642.0 2676.1 2738.5 2852.0 2861.5 2882.7 2955.6 2968.7 3018.0 3077.3 3093.5 3131.1 3323.4 3343.7 3446.4 3595.4 3674.3 3763.0 3963.4 4123.0 4194.7 4323.9 4513.1 4566.4 4792.6 5030.4 5075.5 5425.9 5430.0 5793.0 276.6 427.5 594.3 764.7 953.3 1142.5 1352.1 1559.4 1790.4 2015.1 2267.2 2507.7 2781.8 3037.3 3333.2 3603.4 3920.7 4203.5 4542.5 4836.9 5198.8 5502.8 5888.6 6200.3 6609.6 6928.3
167.49 200.0 371.05 407.0 413.98 427.0 510.0 775.67 786.0 1048.0 1195.46 1444.0 1753.0 2211.0 2432.0 603.8 962.8 1360.6 1797.7 2273.8 2789.0 3343.4 3936.4 4568.4 5238.8 5946.7 712.4 1125.8 1576.9 2066.5 2593.9 3159.4 3762.5 4403.4 5081.1 5796.1 507.2 820.2 1171.8 1562.2 1990.1 2455.5 2957.3 3495.1 4068.1 4675.3 5317.9 5994.7 6707.2 7451.9 467.1 760.4 1092.6 1463.6 1872.9 2319.3 2802.9 3322.8 3878.2 4469.4 5094.6 5754.3 6448.1 7175.4
365.2 757.51 1081.1 1423.7 1493.4 1512.1 1833.2 1871.0 1899.6 1928.4 1960.0 2006.4 2056.4 2131.7 2303.2 2351.9 2392.0 2400.8 2448.2 2505.2 2574.9 2609.4 2611.2 2621.0 2764.8 2774.3 2858.8 2888.2 2982.3 3005.5 3143.6 3144.5 3184.5 3342.6 3374.6 3483.9 3521.8 3548.2 3667.1 3711.4 3744.0 3905.3 3964.2 4054.1 4123.5 4179.1 4260.2 4320.0 4324.3 4463.1 4539.2 4858.9 4941.4 5016.0 5086.4 5142.0 5224.5 5240.0 5286.8 5348.0 5467.0 5596.0 5670.6 5735.0 5883.0 6043.0 6088.3 6211.0 6391.0 6577.0 6778.0 6982.0 7204.0 7425.0 7667.0 7905.0 8169.0 8421.0 8706.0 8972.0 9279.0 9559.0 9888.0 10179.0 10532.0 10833.0 11211.0 11519.0 11924.0 12238.0 12671.0 12989.0 13453.0 13772.0 418.6 691.4 1005.7 1360.7 1755.8 2190.3 2663.4 3174.0 3721.5 4304.9 4923.3 5576.4 6263.1 6977.1 7712.1 542.8 875.5 1248.2 1660.1 2110.6 2598.7 3123.9 3685.6 4282.5 4914.3 5580.7 6285.4 7033.4 584.8 938.9 1332.2 1764.5 2234.4 2741.7 3285.4 3864.8 4479.3 5128.8 5813.0 6531.8
192.14 203.82 225.01 270.5 292.8 367.76 389.1 459.92 521.52 589.16 667.0 752.94 785.78 833.28 911.7 979.01 998.43 1010.52 1152.01 1178.81 1187.56 1272.2 1314.9 1519.34 1553.1 1598.2 1602.8 1639.07 1707.61 1722.97 1753.13 1810.46 1858.8 2056.8 2192.7 2343.4 2346.2 575.0 920.1 1304.3 1725.3 2182.3 2677.2 3208.1 3775.1 4376.3 5011.2 5681.0 6384.6 457.7 745.2 1071.2 1435.6 1837.3 2276.6 2752.5 3264.5 3812.5 4396.0 5013.5 5665.5 6351.4 520.5 839.3 1197.4 1594.6 2029.9 2502.9 3013.8 3560.4 4142.6 4760.0 5412.0 6097.5 6815.0 479.7 779.4 1118.1 1496.8 1912.3 2366.5 2858.0 3385.8 3949.8 4549.5 5183.2 5852.4 6555.8 414.2 678.2 980.2 1319.4 1696.0 2109.7 2559.7 3045.8 3567.6 4126.0 4719.7 5347.4 452.4 736.1 1057.9 1416.1 1812.3 2244.8 2714.9 3221.1 3764.8 4343.9 4956.9
383.66 482.63 777.55 811.1 876.69 1079.7 1173.79 1190.12 1267.0 1285.3 1360.95 1378.0 1410.68 1434.7 1484.04 1612.7 1616.42 1618.74 1648.6 1687.9 1725.26 1843.7 1844.8 1924.46 1944.61 1991.47 2011.5 2023.5 2033.7 2037.1 2115.1 2145.1 2212.9 2361.9 2367.9 2470.1 2529.6 2581.5 2587.4 2840.7 2861.1 3059.8 3157.1 3201.9 3513.9 3729.6 3885.3 4002.8 4174.8 4393.3 235.3 334.4 443.6 563.2 692.6 832.9 982.0 1143.4 1311.7 1492.9 1680.8 1882.7 2088.3 2311.6 2534.0 2778.8 3016.5 3283.3 3535.5 3824.1 4089.3 4400.6 4677.1 5012.6 5298.1 5658.4 5951.1 6337.8 6635.3 7050.6 7350.8 7796.4 8096.8 8573.6 8874.3
191.7 240.2 253.2 274.1 366.5 394.2 493.9 638.1 738.1 755.3 799.5 799.6 908.4 954.2 1179.7 1274.8 1416.1 1544.6 1812.9 1995.8 2079.6 2171.2 2222.8 2335.1 2527.3 2760.3 2846.8 3045.6 3163.5 3334.6 3500.1 3523.4 3629.8
385.77 608.22 761.17 995.85 1155.96 1257.38 1281.81 1303.86 1382.53 1501.66 1553.4 1605.18 1647.01 1662.93 1674.63 1719.9 1803.06 1849.33 1854.02 1953.64 1970.16 1994.51 1999.06 2010.66 2018.91 2033.42 2041.06 2072.66 2113.53 2114.38 2175.03 2218.29 2266.6 2302.78 2327.55 2345.57 2367.57 2411.99 2426.49 2429.39 2456.88 2462.5 2498.85 2529.7 2569.66 2597.49 2783.32 2801.6 2820.27 2861.2 3067.7 3147.5 3170.3 3277.5 3568.6 3690.0 3761.1 3965.7
173.41 259.51 282.65 290.31 382.11 397.67 543.5 648.92 655.71 674.1 687.2 742.3 865.33 934.1 966.2 977.7 1000.3 1056.3 1140.7 1188.9 1290.2 1315.3 1561.5 1617.0 1778.4 1892.7 1963.0 2089.1 2259.7 2747.7
366.91 720.37 749.7 1119.1 1120.94 1205.2 1241.64 1451.3 1482.41 1501.94 1554.13 1632.12 1658.37 1695.25 1717.8 1725.5 1749.66 1768.61 1867.9 1891.07 1898.15 1930.12 1944.6 1959.47 1977.5 1986.1 2031.6 2062.5 2080.9 2159.3 2237.4 2367.48 2433.64 2472.6
147.63 257.17 289.16 289.92 323.7 450.52 525.55 540.9 605.4 753.6 762.0 886.1 1023.6 1173.8 1244.0 1349.4
331.193 692.5 919.5 1098.53 1134.83 1157.47 1238.48 1238.79 1277.09 1290.1 1330.44 1401.23 1413.4 1420.01 1445.86 1479.87 1550.59 1571.79 1617.47 1639.53 1671.96 1712.45 1755.34 1962.31 1987.8 2014.99 2060.0 2160.0 2464.0 2729.0
490.47 950.19 1099.04 1340.15 1552.1 1675.7
279.1969 680.52 1044.14 1065.42 1072.37 1073.93 1113.8 1184.36 1215.59 1217.73 1232.36 1293.9 1305.78 1320.14 1334.9 1407.2 1448.05 1449.73 1488.33 1568.87 1611.04 1638.9 1669.24 1683.74 1715.83 1836.6 1839.97 1887.8 1901.1 1988.95 2076.13 2232.2 2310.34 2342.2 6418.79
139.97 146.03 300.2 319.03 347.9 414.06 425.06 432.5 471.93 488.29 535.9 626.7 629.5 678.6 737.4 764.5 873.4 906.6 1012.7 1051.2 1104.0 1121.4 1135.0 1201.4 1375.0 1474.0
203.747 619.435 923.78 1140.77 1180.03 1218.99 1340.33 1429.58 1433.81 1438.43 1483.96 1554.64 1574.03 1711.1 1865.9 1966.38 2002.47 2054.51 2089.04 2098.22 2124.56 2163.27 2220.6 2304.0 2316.28 2394.11 2488.5 2551.47 2554.2 2560.2 2623.11 2721.0 2750.5 2893.5 3017.7 3177.1 3287.5 3290.63 7251.5 7646.15
265.832 304.896 635.02 649.42 801.36 939.9 952.17 998.17 1079.6 1118.0 1360.34 1405.47 1489.8 1621.72 1710.54 2078.92 2326.17 2643.11
351.059 1348.1 1682.7 2675.2 2709.1 2911.9 2985.3 3104.4 3143.0 3272.7 3295.6 3335.6 3358.2 3591.9
39.858 327.94 473.57 492.69 620.4
323.81 868.3
62.5 253.6
