186 212
662.4 923.0 1260.0 1675.1 2160.9 2711.4 3313.9
375.0 575.0 912.0 1328.0 1804.0
723.9 1064.7 1196.1 1435.0 1869.4 2368.8 2705.0 2713.1 2926.5 3532.6 4166.6

658.0 773.8 1280.0 1819.4 2274.4 2612.0

768.84 853.64 1237.88 1355.5 1430.2 1544.09 1680.1 1859.8 1920.9 1983.3 2303.7 2323.2 2507.2 2514.4 2520.3 2562.5 2581.1 2622.4 2623.1 2625.1 2743.5 2789.9 2893.8 3174.6 3254.3 3274.5 3304.3 3499.8 3527.6 3663.7 3679.2 3788.5 3938.8 4029.4 4036.8 4094.1 4154.7 4193.4 4200.9 4218.4 4235.8 4241.2 4267.2 4288.2 4322.3 4325.7 4331.8 4366.4 4370.1 4423.5 4443.9 4519.2 4572.1 4580.1 4621.5 4651.2 4651.3 4681.2 4702.3 4722.1 4733.6 4753.4 4815.5 4834.5 4849.7 4914.0 4963.0 4989.6 5055.7 5065.7 5087.1 5105.5 5113.3 5136.8 5138.2 5201.3 5229.9 5276.9 5286.3 5289.2 5378.0 5436.8 5456.9 5461.8 5482.8 5494.3 5531.7 5538.3 5540.6 5559.5 5635.0 5646.6 5708.6 5794.6 5867.4 5871.0 6030.4 6232.1 6291.1 6390.5 6666.0 6752.6 7155.5 7251.3 7786.6 8356.9 8961.6 9601.7
881.57 1022.1 1401.8 1519.4 1550.2 1585.9 1994.8 2058.9 2141.4 2142.1 2172.6 2213.8 2322.2 2404.9 2426.7 2524.9 2526.9 2584.8 2612.5 2653.6 2672.2 2686.9 2707.2 2769.4 2939.2 2994.6 3080.2 3128.6 3133.4 3249.9 3260.7 3282.1 3320.7 3376.4 3414.8 3418.8 3541.6 3542.8 3609.0 3640.3 3673.0 3702.2 3722.3 3741.8 3772.1 3822.5 3839.5 3906.6 3924.8 3989.4 3991.7 3997.1 4003.5 4055.9 4063.1 4116.5 4136.1 4149.4 4167.2 4180.3 4191.4 4210.9 4241.2 4271.1 4298.0 4313.4 4360.8 4388.1 4399.2 4435.2 4445.5 4470.6 4532.8 4537.0 4538.8 4564.6 4577.2 4591.3 4636.9 4661.8 4760.6 4769.0 4784.2 4828.1 4861.6 4893.1 4917.0 4945.1 5033.3 5060.6 5092.8 5165.8 5169.4 5182.0 5218.4 5281.1 5331.9 5425.8 5436.9 5439.8 5501.7 5597.5 5668.3 5763.1 5802.2 5815.4 5825.3 5927.0 6001.5 6145.5 6231.4 6285.2 6302.6 6597.1 6657.6 6715.5 6927.5 7090.3 7154.7 7312.0 7516.0 7713.5 7932.0 594.3 951.6 1349.1 1786.9 2264.3 2781.6 3337.7 3932.5 4565.9 5237.7 5945.9 422.8 698.0 1015.9 1376.8 1780.3 2226.2 2714.4 3242.4 3812.2 4422.7 5072.7 5762.5 543.0 875.4 1247.5 1659.4 2110.0 2598.9 3125.5 3688.9 4288.8 4925.8 5598.0 6307.2 586.4 939.5 1331.4 1761.4 2228.5 2732.4 3271.9 3847.0 4457.0 5101.5 5777.9 6485.1 213.2 335.1 467.9 610.6 763.9 926.8 1099.9 1282.6 1475.2 1677.0 1888.7 2109.8 2340.0 2580.4 2828.5 3087.8 3355.0 3631.3 3917.2 4211.0 4513.4 4825.6 5144.7 5475.1 5811.5 6159.1 6512.0 6877.0 560.4 900.5 1279.4 1696.6 2150.6 2641.7 3167.8 3729.1 4325.5 4956.6 5620.8 603.2 964.1 1362.6 1798.5 2270.8 2778.9 3322.1 3900.1 4512.1 5158.9 468.7 766.0 1102.5 1478.3 1894.2 2349.7 2845.3 3380.7 3956.0
930.8 965.35 1308.44 1540.43 1637.2 1738.9 1820.54 2019.3 2135.7 2241.7 2299.0 2407.7 2408.2 2420.0 2437.9 2502.8 2525.0 2581.4 2609.0 2628.6 2646.2 2701.1 2799.9 2914.5 2931.1 2933.6 3180.0 3208.5 3272.3 3282.6 3373.0 3471.0 3475.9 3522.0 3561.9 3610.0 3728.2 3771.6 3840.5 3850.3 4003.7 4136.9 4236.3 4266.2 4299.3 4333.8 4367.1 4376.3 4409.7 4450.3 4454.4 4478.7 4532.2 4601.3 4637.0 4694.0 4702.6 4750.8 4796.6 4800.1 4820.4 4878.2 4965.7 5047.7 5055.0 5061.8 5085.4 5091.4 5109.7 5168.4 5197.4 5230.5 5258.8 5261.2 5329.9 5427.6 5465.2 5517.7 5542.7 5551.7 5553.1 5573.9 5687.9 5732.4 5735.9 5816.4 5930.5 5937.5 5939.5 5983.1 6024.5 6139.2 6156.5 6198.3 6206.5 6328.7 6331.1 6379.4 6400.5 6465.7 6536.9 6677.9 6817.2 6905.9 6956.9 7173.8 7241.3 7415.4 7481.4 7842.3 7911.2 8235.7 8443.7 9012.0 9615.4 10253.5 10925.8 11632.0 12371.5 521.8 842.5 1202.5 1601.5 2038.3 2512.3 3023.4 3567.2 562.9 904.2 1284.2 1701.5 2157.3 2649.4 3178.0 3741.2
134.52 329.29 829.9 966.94 978.8 1009.86 1010.7 1093.0 1095.98 1120.3 1172.5 1180.1 1212.8 1308.1 1328.7 1379.7 1391.5 1428.5 1443.2 1566.8 1644.9 1670.2 1753.9 1759.0 1780.0 1884.0 2186.0 2371.7 2413.2 2463.1 2469.0 2571.7 2805.0 2814.9 2901.7 2903.1 2968.0 3053.8 3063.5 3097.7 3150.3 3361.8 3496.0 3646.5 3734.5 3787.3 3868.2 3903.6 4119.7 4199.1 4411.4 4432.4 4465.4 4499.7 4523.6 4559.2 4566.2 4692.7 4834.5 4865.3 4966.7 5106.9 5123.5 5270.2 5411.7 5467.5 5702.3 5769.8 5978.2 6143.7 6307.9 6528.7 6674.0 6906.5 7090.6 7280.5 7538.0 404.5 666.4 967.9 1309.0 1689.6 2108.9 2567.1 3064.5 3600.2 4174.7 4787.4 5438.3 6127.3 365.79 609.8 894.4 1220.0 1587.0 1994.9 2444.1 2933.8 3464.3 4034.6 4645.4 5296.0 5985.0 434.3 711.8 1029.4 1386.6 1782.7 2216.7 2688.2 3197.7 3743.2 4324.2 4940.2 5589.9 6274.3 471.2 768.9 1106.7 1484.4 1902.0 2356.2 2847.9 3376.5 3940.4 4541.0 5172.9
1049.2 1142.86 1449.87 1697.8 1738.27 1797.51 1825.6 1861.7 1896.1 1991.61 2060.06 2124.42 2169.43 2203.27 2307.84 2333.9 2376.05 2423.9 2470.77 2590.96 2621.9 2645.12 2693.5 3041.4 3087.25 3191.3 3281.0 3394.12 3460.4 3653.2 3738.6 3829.1 3916.9 4046.6 4120.8 4217.9 4332.8 4385.3 4478.7 4588.1 4646.7 4652.2 4675.7 4723.0 4963.1 5154.4 5261.6 5399.8 5492.2 5603.9 5607.5 5708.4 5871.8 6203.6 6360.0 6378.9 6570.6 6963.1 7360.6 7769.5 8103.0 8165.0 8475.0 8477.0 8587.0 8812.0 8991.0 9171.0 9420.0 9613.0 507.6 882.1 1237.5 1579.0 1822.7 2032.6 2272.1 2558.3 2897.5 3295.0 3744.0 4234.0 4761.0 372.9 623.2 932.3 1307.4 1711.8 639.0 1019.0 1432.0 1864.0 387.0 646.5 949.4 988.1 1086.5 1192.7 1295.1 1313.1 1440.7 1580.1 1682.7 1730.1 1889.8 2059.8 2111.2 2238.6 2285.0 2429.3 2580.5 2627.1 2690.0 2838.7 3054.9 3089.0 3132.0 3286.5 3521.2 3612.0 3635.9 3771.8 4024.3 4131.0 4220.1 4294.4 4564.5 4688.0 4840.7 4852.6 5140.3 5446.7 5495.6 5751.1 6076.7 6184.4 6396.7 6741.9 6904.5 7076.4 7656.6
84.88 319.31 952.04 988.95 1015.34 1079.39 1089.41 1147.49 1164.88 1166.66 1173.77 1295.12 1325.7 1401.92 1430.51 1472.88 1495.05 1518.79 1524.55 1525.09 1553.85 1571.18 1577.9 1588.02 1624.45 1633.7 1648.9 1675.9 1689.1 1730.0 1739.91 1748.9 1773.56 1856.55 1881.9 1914.1 1922.06 1946.07 1985.4 2024.3 2059.3 2064.2 2200.54 2301.1 2392.7 2473.6 2653.6 2691.4 3080.2 3168.9 3314.5 3756.9 263.1 463.6 729.8 1067.0 1470.6 1916.6 2383.6 2754.6 585.1 711.7 982.11 1341.34 1711.28 2096.41 2461.8 2755.5 2983.2 3268.4 3513.6 3840.7 4179.5 4582.9 4936.5 5298.2 5396.9 5690.0 5912.2 6007.0 6283.8 6475.4 199.4 286.7 383.1 491.3 607.1 736.3 871.1 1022.8 1175.4 1350.1 1519.6 1718.7 1903.5 2128.4 2326.8 2579.4 2789.4 3071.3 3290.6 3603.8 3831.0 4176.5 4409.6 4789.8 5026.5 5442.6 5681.0 6134.7 6373.2 6865.9 7103.0 7635.4 7869.8 8442.6 8672.9 440.9 722.2 1043.4 1404.8 1805.9 2246.4 2725.7 3243.8 3800.8 4395.1 5026.4 5695.0 6399.0 483.6 785.3 1125.9 1506.6 1926.0 2384.6 2882.4 3418.0 3991.4 4601.8 5249.9 5934.0 6654.5 517.2 839.7 1204.2 1609.9 2055.7 2541.4 3066.5 3629.7 4230.4 4867.1 5537.2 6238.7 6971.5 475.4 778.0 1122.6 1508.9 1934.6 2401.5 2907.6 3453.7 4036.9 4656.5 5311.5 5999.0 6716.7
1063.5 1392.1 1625.9 1734.7 1823.5 1980.7 1996.4 2099.4 2141.4 2190.7 2231.4 2257.7 2342.4 2345.4 2369.7 2568.7 2602.7 2611.5 2695.5 2703.5 2772.3 2820.5 3033.2 3184.5 3268.4 3488.8 3574.2 3750.5 3810.2 3965.6 4029.9 4032.3 4042.5 4190.2 4235.7 4380.0 4511.6 4573.1 4700.9 4702.3 4773.6 4776.0 4817.8 4837.1 4843.3 4878.6 4883.0 4976.3 5003.5 5015.4 5018.8 5065.8 5071.9 5093.0 5202.9 5209.3 5249.7 5379.0 5451.7 5467.4 5477.3 5492.5 5523.6 5544.1 5648.2 5778.8 5813.4 5821.5 5842.9 5863.2 5870.6 6040.7 6046.5 6119.4 6125.7 6141.6 6151.6 6166.7 6242.0 6392.4 6425.2 6483.9 6501.0 6515.1 6554.5 6660.0 6660.5 6674.1 6690.6 6719.1 6730.0 6734.6 6867.0 6872.7 6873.2 6878.1 6942.2 6996.5 7017.1 7073.5 7078.8 7142.6 7295.1 7311.2 7333.5 7360.8 7455.6 7479.8 7554.5 7590.7 7739.2 7747.7 7757.9 7779.3 7794.9 7834.7 7916.3 8076.2 8210.7 8243.2 8255.9 8268.1 8290.8 8408.3 8685.9 8694.7 8712.5 8739.8 8799.9 9112.2 9146.2 9154.8 9176.1 9255.0 9512.2 9681.4 9769.9 9930.4 10230.7 10328.9 10380.2 10821.0 10869.2 10921.1 11398.6 11438.7 11970.7 12059.7 12579.7 12699.2 652.1 1042.4 1474.8 1948.6 2463.2 3018.0 3651.4 4323.2 5032.6 5779.3 6562.0 7380.5 8231.7 9121.7 605.5 971.1 1377.8 1825.7 2313.9 2841.8 3409.0 4014.4 4656.2 5332.5 6038.2 6769.9 7529.0 475.4 778.0 1122.6 1508.9 1937.4 2406.2 2914.4 3462.2 4048.6 4672.4 5332.4 6028.2
424.8 1351.4 1402.5 1437.5 1677.8 1803.3 1826.0 1842.1 1904.8 1971.8 2082.1 2127.5 2129.4 2306.2 2451.6 2499.9 2501.7 2559.1 2560.2 2571.1 2748.0 2841.2 2921.1 2982.9 2984.2 3134.1 3210.3 3359.0 3386.2 3401.3 3490.1 3530.0 3584.9 3603.7 3657.5 3674.8 3742.6 3745.7 3791.9 3848.7 3850.9 3859.3 3876.5 3966.7 4006.3 4086.0 4108.1 4124.1 4143.3 4228.3 4257.5 4292.6 4339.4 4348.8 4363.6 4367.6 4474.7 4483.5 4543.3 4769.0 4770.0 4777.2 4778.6 4884.8 5067.1 5129.4 5222.6 5282.4 5305.6 5314.9 5338.9 5478.7 5495.4 5554.2 5727.2 6055.7 6290.3 6530.4 6804.2 6986.7 7120.5 7483.7 7895.1 8354.5 8862.8 9417.5 10022.4 10659.5 223.2 388.8 589.2 603.3 726.8 871.1 891.4 1099.8 1194.2 1370.7 1571.2 1712.7 2001.4 2129.8 2483.5 2612.6 3015.5 3149.4 3164.8 3589.1 3608.4 3734.6 3967.6 4197.5 4207.5 4546.7 4932.6 5353.6 5807.0 6303.5 6846.0 7433.7 232.9 426.1 673.5 967.5 1349.7 1743.8 2227.4 2738.0 3256.8 3595.0 550.3 863.3 1247.9 1662.0 2149.2 2620.9 938.8 1088.6 1336.1 1795.8 1813.0 2157.2 2171.5
1026.62 1488.98 1625.5 1739.37 1762.4 1867.0 1908.66 2153.81 2183.3 2257.0 2268.2 2355.0 2493.1 2551.4 2699.3 2960.3 3002.7 3005.8 3019.3 3181.2 3396.0 3549.7 3829.9 3867.4 3872.9 4067.5 4145.5 4253.6 4342.3 4443.6 4566.9 4727.2 4935.8 5008.0 5075.7 5198.3 5436.5 5517.8 5753.4 5801.3 5892.5 6075.3 6161.0 6278.3 6321.9 6374.3 6399.3 6614.6 6680.6 6799.8 6802.5 6897.9 6948.1 7015.2 7227.5 7335.5 7396.6 7607.6 7820.1 7917.6 8046.4 8170.3 8436.7 8550.0 8630.3
88.5 169.9 538.7 629.14 879.7 910.9 936.1 990.47 1014.1 1185.7 1325.4 1415.3 1447.69 1490.1 1541.84 1545.84 1651.1 1737.2 1843.7 1875.5 1896.1 1902.2 1977.5 2068.4 2119.3 2151.8 2209.0 2279.8 2439.4 2459.5 2474.6 2496.3 2506.8 2549.0 2604.0 2718.5 2788.9 2794.2 2961.7 3050.5 3082.1 3345.7 3509.5 3544.5 3638.2 3686.5 3831.5 3932.0 4090.5 4505.1 4549.4 4559.2 4639.3 4640.0 4899.0 5000.0 5055.2 5070.5 5086.2 5172.6 5291.1 5424.7 5567.0 5900.6 6282.2
960.66 1382.84 1623.06 1658.0 1862.0 1915.12 1965.14 2040.33 2159.0 2169.83 2208.44 2235.4 2289.24 2324.93 2360.46 2386.82 2517.28 2609.59 2618.89 2750.51 2898.76 2916.54 2967.62 3057.93 3191.33 3237.6 3285.8 3329.0 3682.23 3723.52 3820.91 3955.5 4022.8 4068.2 4090.9 4142.9 4170.5 4374.7 4497.3 4504.4 5293.9 5302.9 5345.9 5548.4 6035.1 6186.4
126.51 186.5 595.11 820.33 825.2 866.61 896.88 933.32 1033.83 1161.05 1198.61 1203.09 1536.43 1547.64 1592.9 1641.4 1663.8 1682.69 1802.43 1895.1 1922.26 1944.06 2034.11 2048.67 2078.91 2117.83 2161.63 2371.8 2387.89 2472.2 2556.5 2568.82 2620.1 2667.78 2713.38 2748.5 2753.59 2774.8 2794.1 2796.08 2821.07 2870.5 2923.6 2949.47 2964.5 3006.7 3016.9 3045.2 3690.0 3910.6 4054.9 4457.7 5026.0 5297.0 5572.0
899.171 1274.0 1351.17 1563.27 1582.5 1582.76 1604.76 1665.28 1681.2 1712.2 1729.97 1761.08 1817.45 1872.11 1933.29 1948.35 1960.36 2065.2 2105.48 2157.93 2185.79 2201.87 2258.05 2264.33 2269.01 2303.86 2316.27 2338.33 2386.1 2400.37 2405.16 2408.98 2433.0 2434.17 2475.38 2480.35 2491.67 2507.06 2524.87 2546.98 2549.74 2591.47 2620.52 2627.35 2654.68 2666.2 2696.52 2719.19 2731.97 2766.81 2887.18 2912.88 2919.58 2927.6 2928.77 2945.49 3023.41 3029.19 3092.2 3105.18 3170.26 3191.6 3215.23 3232.19 3301.62 3397.51 3516.3 3637.96 3733.29 3768.57 3782.17 3891.61 3995.96 4039.1 4068.3 4076.34 4080.94 4094.32 4111.34 4115.02 4129.4 4134.7 4165.94 4172.25 4183.92 4250.08 4285.94 4301.9 4887.6 5348.6 5664.4 6072.9 6098.1 7402.2 7849.3 8126.0
2.329 262.811 576.207 703.442 761.43 803.4 987.619 997.6 1013.839 1043.721 1264.732 1374.24 1499.136 1575.352 1593.573 1614.319 1618.0 1697.3 1704.974 1756.4 1758.629 1764.367 1775.8 1812.12 1842.051 1918.95 1965.98 2020.6 2087.51 2117.96 2203.87 2252.289 2353.0 2485.8 2488.08 2521.47 2555.0 2555.6 2565.12 2606.875 3167.9 3195.6 3626.0 3910.0 5064.5 5161.6
803.049 1165.0 1340.47 1466.8 1683.96 1704.46 1784.08 1997.65 2147.9 2196.7 2200.14 2236.53 2384.12 2391.32 2423.36 2647.77 2658.4 2782.15 2826.29 2864.52 2929.06 2939.57 2954.6 3016.4 3120.9 3194.3 3225.37 3244.21 3260.0 3279.18 3402.62 3453.4 3483.3 3516.0 3562.84 3606.2 3682.9 3744.3 3775.9 3778.5 3943.7 3957.8 3963.0 3971.0 3989.0 3997.0 4000.7 4005.3 4010.0 4027.3 4035.0 4045.0 4051.0 4066.0 4076.0 4116.7 4187.0 4212.0 4238.2 4330.7 4340.0 4347.0 4385.0 4410.0 4420.0 4427.0 4433.4 4459.0 4469.3 4483.0 4512.0 4525.0 4606.0 4648.0 4657.0 4675.0 4697.0 4717.0 4730.0 4756.0 4758.6 4763.0 4782.0 4795.0 4841.8 4848.0 4914.0 4966.0 4973.1 5038.1 5089.0 5180.0 5195.0 5217.6 5236.1 5247.0 5276.0 5282.0 5315.0 5350.0 5379.0 5390.0 5415.0 5472.1 5493.0 5513.0 5522.0 5553.8 5581.1 5602.0 5616.1 5694.1 5732.1 5741.0 5760.0 5775.0 5783.1 5800.1 5817.0 5832.0 5847.1 5857.1 5903.0 5940.0 5994.0 6034.2 6197.0 6236.0 6251.0 6260.0 6382.6 6430.7 6510.1 6565.3 6723.1 6820.6 6851.1 7063.1 7078.0 7127.1 7202.0 7310.0 7423.0 7464.5 7487.0 7506.0 7543.1 7570.0 7661.6 7758.9 7815.2 7846.2 7880.0 7890.4 7903.0 7972.0 8000.2 8040.2 8081.5 8705.0
569.703 897.8 1633.368 2339.948 2623.5 2662.4 2727.0 3224.0 3305.0 3633.0 3927.0 4103.0 4140.0 4317.0 4388.0 4625.0 4871.0 4980.0 5489.0 5596.0 5611.0 5690.0 5714.0 5734.0 5794.0 6179.0 6543.0 6735.0 6749.0 6818.0 7306.0
2614.551 3197.743 3475.113 3708.44 3919.8 3946.44 3960.96 3995.7 4050.5 4085.4 4125.31 4180.41 4205.4 4229.5 4253.5 4262.4 4296.17 4323.2 4358.46 4382.9 4422.0 4480.5 4626.0 4698.2 4842.1 4854.7 4863.0 4936.0 4951.5 4974.1 5037.7 5080.0 5127.0 5233.0 5244.6 5292.1 5314.0 5338.0 5347.8 5512.0 5516.8 5548.0 5563.0 5640.5 5712.0 5778.0 5805.0 5846.1 5887.0 5923.0 5946.4 5968.0 6086.0 6193.0 6262.0 6312.0 6343.0 6363.0 6483.0 6615.0 6720.5 6972.0 7063.5 7083.4 7240.0 7278.0 7278.96 7316.0 7332.5
778.8 1423.0 1567.09 2032.22 2149.43 2319.0 2463.0 2491.0 2538.0 2589.0 2738.0 3052.0 3307.0 3363.0 3429.0 3658.0 3904.0 3936.0 3937.0 3991.0 4008.0 4022.0 4142.0
799.7 1097.7 1195.6 1279.0 1870.0 2209.0 2414.0 3070.0 3460.0 3625.0 3880.0 4105.0

804.9
