191 215
429.1


218.0 396.0
887.9 1232.2 1623.9 2044.9 2196.2 2311.4 562.9 904.8 1285.5 1706.1 2164.0 2659.0
158.3 167.0 269.0 374.2 623.9 915.2 1247.8 1621.6 2035.9 2490.9 2986.1 3521.5 4095.8 4710.1 5363.1
1000.74 1009.2 1196.27 1601.0 1968.6 2065.5 2129.3 2360.4 2384.5 2688.7 2846.0 2929.5 3284.9 3558.3 415.8 685.4 995.4 1346.5 1737.2 2168.0 2636.5 3143.6 3688.6
164.0 248.5 303.0 873.4 1223.9 1238.4 1545.2 1660.9 1706.3 1767.5 1822.3 1877.1 2222.3 2465.0 2722.6 2852.3 3075.0 3231.2 3298.6 3425.1 3633.5 3821.6 3963.6 429.3 718.8 1082.1 1508.7 1978.0 2473.9 2989.1 614.3 827.3 1145.1 1441.8 1735.5 2023.0 846.2 1329.6 1631.5 2208.5 2528.8 2789.8
680.0 845.7 880.2 926.0 1002.2 1034.3 1132.7 1396.3 1471.8 1501.8 1619.4 1635.9 1647.5 1922.3 1947.0 1999.5 2001.0 2054.3 2204.5 2262.8 2370.3 2460.4 2467.9 2547.0 2595.1 2773.9 2952.8 3042.8 3425.9 3659.8 3805.6 3927.8 4321.7
53.3 428.2 430.2 575.5 671.0 695.11 818.6 850.0 876.08 931.3 999.01 1127.0 1253.0 1271.52 1285.52 1352.1 1387.5 1401.5 1424.1 431.0 720.0 1056.0 1432.0 1855.0 446.2 740.7 1083.8 1475.2 1918.8 2417.8 2970.7 3577.7
846.34 890.25 904.24 964.4 967.48 1086.21 1186.6 1274.46 1379.37 1441.73 1470.87 1474.6 1483.55 1501.89 1504.41 1616.3 1665.1 1719.16 1746.5 1762.9 1778.92 1817.86 1848.16 1858.03 1927.32 1932.2 1944.24 1971.2 2034.3 2053.59 2065.85 2299.0 2386.7 2422.1 2434.9 2455.5 2484.3 2549.39 2589.6 2592.89 2651.01 2668.2 2739.9 2902.1 2905.9 2994.6 3011.4 3238.81 3422.8 3526.19 3592.2 3638.52 3706.6 3810.44 3922.6 4484.6 5282.4
41.0 72.0 605.0 615.0 1239.1 1481.3 1803.7 1807.1 1844.7 1852.7 2036.8 2203.3 2339.1 2556.4 2607.1 3060.4 3161.0 3396.6 3600.1 3639.8 3754.2 4150.3 2420.0 2627.0 2634.0 2899.0 2979.0 3224.0 3403.0 3614.0 3884.0 4414.0 4984.0
883.39 893.49 908.64 932.51 1090.95 1098.14 1123.92 1231.16 1247.81 1248.5 1277.1 1312.93 1352.83 1408.8 1479.3 1484.0 1488.09 1494.4 1499.0 1561.1 1575.5 1610.0 1672.7 1714.4 1799.03 1892.6 1903.5 1990.6 2028.6 2041.5 2088.1 2135.84 2231.11 2287.01 2566.66 2689.38 2731.1 2752.09 2855.6 3032.3 3130.47 3529.8 3826.1 4470.2 4544.4
5.55 15.08 53.4 78.25 200.84 215.27 332.08 805.5 816.0 876.3 895.72 941.5 983.19 1018.46 1094.57 1099.28 1255.32 1369.35 1404.25 1413.6 1454.6 1478.37 1526.11 1634.18 1639.7 1774.7 1789.4 1821.6 1915.3 1968.2 2223.4 2483.4 2651.7 2684.5 2705.3 2819.9 2833.4 2835.2 3387.5 3516.0 3809.0
795.86 849.83 872.38 881.34 1001.21 1044.03 1109.95 1167.64 1194.28 1239.02 1310.12 1336.25 1343.94 1436.9 1472.2 1486.64 1497.17 1571.95 1591.9 1701.0 1709.18 1837.8 1970.25 2041.04 2064.64 2138.9 2195.74 2386.09 2424.33 2447.59 2573.92 2579.39 2683.62 2780.2 2892.68 2951.13 3197.6 3200.9 3379.6 3895.8 4019.3 4171.7 4181.4 4650.3 4695.3 4934.1 4957.9 5163.8 5392.9 5406.4 5484.7 5571.0 5875.7 5930.9 5941.4 5948.0 6452.0 6718.7
59.897 70.742 82.819 141.2 166.0 200.382 352.692 409.17 523.212 733.91 815.8 878.1 897.08 931.68 1044.8 1077.87 1080.9 1102.99 1258.3 1266.9 1389.42 1523.65 1567.62 1600.15 1639.4 1789.3 2055.7 2499.5 2603.7 3147.2 3603.6 3652.6 4305.3
669.63 742.62 892.32 931.88 992.27 1148.3 1211.5 1240.56 1358.13 1360.33 1372.57 1607.4 1645.41 1680.01 1690.6 1762.76 1902.04 2060.13 2101.49 2119.8 2180.3 2405.4 2601.2 3500.5 3887.3 4559.8
63.3 510.6 601.8 628.6 633.5 650.7 886.7 925.2 936.6 959.3 1033.6 1069.5 1094.5 1384.3 1435.7 1469.8 1529.8 1539.8 1563.7 1571.1 1605.2 1625.5 1636.9 1666.2 1677.7 1703.6 1716.0 1738.4 1802.5 1805.0 1837.1 1844.2 1845.1 1870.9 1920.5 1925.0 1938.0 2077.9 2126.8 2308.7 2384.1 2401.6 2457.5 2501.4 2720.0 2884.2 2893.9 3050.0 3070.0 3209.1 3216.0 3268.4 3271.0
896.29 1608.58 2442.86 2492.82 2564.16 2583.07 2599.9 2600.92 2617.31 2741.05 2766.61 2826.19 2845.14 2916.57 2955.87 2986.79 3038.87 3090.08 3119.54 3132.96 3135.77 3152.83 3154.06 3159.28 3169.07 3197.44 3211.84 3221.58 3269.6 3311.15 3354.7 3362.01 3378.16 3394.3 3406.21 3450.3 3464.12 3467.67 3486.92 3489.85 3502.22 3505.29 3541.61 3575.0 3578.99 3597.14 3601.73 3692.16 3703.55 3717.64 3752.2 3766.9 3783.6 3800.8 3812.25 3817.86 3849.94 3884.3 3889.5 3905.9 3921.22 3936.74 3962.28 3980.04 4000.721 4009.3 4036.5 4046.54 4088.34 4096.34 4134.0 4141.95 4148.1 4158.8 4160.9 4176.15 4207.5 4222.9 4233.75 4262.9 4297.73 4300.75 4335.3 4340.7 4361.89 4376.5 4381.32 4388.16 4397.85 4409.05 4441.7 4471.0 4484.8 4506.85 4515.23 4587.9 4602.6 4646.1 4682.0 4750.8 4755.76 4762.3 4789.8 4796.1 4830.3 4837.6 4853.46 4879.48 4948.3 4967.6 4996.2 5056.7 5167.3 5182.7 5235.1 5281.9 5293.4 5312.6 5354.0 5404.5 5411.2 5424.62 5440.2 5464.6 5484.4 5498.0 5510.53 5523.5 5538.4 5559.6 5570.6 5589.2 5609.1 5609.8 5652.6 5925.1 6392.0 6556.0 6911.0 6944.8 6983.0 7106.0 7168.0 7171.0 7176.6 7202.0 7243.9 7264.0 7279.0 7287.0 7360.0 7416.0 7632.0
46.539 319.74 347.93 433.49 439.2 502.81 550.0 563.07 582.53 670.0 915.88 971.85 993.69 1164.7 1175.24 1184.14 1208.33 1248.04 1300.63 1335.62 1339.35 1373.91 1382.27 1389.95 1462.83 1475.93 1478.78 1523.17 1531.14 1584.9 1706.4 1753.5 1776.25 1793.25 1836.98 1896.8 1897.04 1924.32 1980.21 1984.82 1990.0 2005.79 2006.2 2015.41 2026.58 2034.26 2072.13 2079.15 2099.17 2100.2 2107.86 2135.05 2177.21 2237.74 2258.74 2314.05 2525.12 2578.51 2610.05 2723.8 2737.15 2758.82 2764.7 2764.91 2818.29 2818.86 2840.29 2909.95 2920.98 2966.16 3004.44 3010.6 3039.65 3069.37 3108.8 3141.0 3182.1 3209.66 3244.31
404.854 766.54 828.13 831.953 951.0 1014.4 1080.62 1103.5 1109.48 1129.81 1149.71 1196.33 1227.2 1234.3 1270.71 1304.4
115.183 238.632 415.272
258.5 593.1
53.2275 258.87 295.224 351.932 377.03 533.67 797.24 839.0 888.0
746.6 1160.7 1347.5
