192 218
262.0 605.0 1043.0 1561.0
251.0 619.0 1105.0
318.6 658.9 684.3 1145.3 1209.4 1689.9 2290.6 2619.8
548.7 937.1 1431.9
463.12 859.06 890.97 1387.72 1390.08 1801.99 1940.3 1974.22 2039.27 2237.0 2292.72 2304.4 2492.0 2591.36 2650.6 2778.51 2979.0 3083.6 3343.8 3609.6 3646.7

604.94 816.0 1039.13 1158.39 1483.35 1717.56 1808.41 1853.63 1874.95 2114.32 2287.59 2324.73 2344.6 2565.92 2620.49 2641.33 2691.86 2813.1 2900.43 2963.8 3010.2 3174.5 3308.6 3465.3 3646.1 3801.9 3868.4 4052.2 4086.4 4322.1 4521.0 4596.0 3241.55 3444.5 3579.45 3783.14 3984.95 4010.81 4391.99 4407.84 4662.3 5113.3 396.3 660.9 968.2 1317.4 1707.9 2137.4 2605.3 3111.2 3653.8
72.0 310.0 910.0 1472.0 1871.0 2274.0 2354.0
665.9 1277.0 1761.48 1773.69 1811.52 1842.0 2135.45 2236.1 2261.44 2596.22 2681.7 2716.0 2804.6 2830.0 2962.6 3227.5 3397.0 3502.5 3625.6 3689.8 3970.0 4151.0 4171.8 4333.0 4472.0 4695.0 4727.0 5252.0
7.0 424.0 577.0 1038.0 1595.0 1913.0 2103.0 2135.0 2241.0 2333.0 2349.0 2356.0 2465.0 2571.0 2629.0 2771.0 2980.0 3041.0 3198.0 3211.0 3334.0 3711.0
677.3 1248.9 1692.1 1714.1 2240.7 2626.7 2920.1 3063.1 3457.8 3596.1 3638.6 4093.8 4631.8 4635.3 4761.4 4845.5 4946.1 5211.3 5232.2 5315.9 5551.5
62.54 531.89 639.37 641.49 686.47 719.03 803.2 1029.33 1056.29 1112.99 1129.24 1153.64 1174.89 1254.8 1280.3 1369.13 1379.57 1428.6 1526.5 1527.89 1542.8 1624.32 1671.23 1698.1 1720.9 1766.54 1863.6 1975.8 2010.2 2043.2 2056.9 2078.8 2158.3 2187.0 2276.3 2406.3 2488.1 2502.4 2526.0 2530.5 2792.2 2824.7 2870.6 3017.4 3070.2 3111.6 3235.8 3240.9 3381.6 3430.3 3881.3 4358.2
684.342 1200.66 1255.23 1552.174 1626.914 1634.41 1639.03 1650.87 1715.84 1728.58 1962.147 2041.698 2100.26 2227.34 2248.16 2289.7 2303.14 2323.64 2376.37 2471.57 2527.3 2539.15 2547.55 2553.22 2587.33 2620.4 2727.95 2788.9 2827.6 2895.3 2899.87 2905.05 2946.3 3083.6 3125.4 3133.5 3217.3 3227.4 3386.9 3387.2 3439.94 3458.9 3528.2 3564.7 3575.9 3648.9 3723.1 3767.3 3898.5 3975.3 4095.9 4137.2 4169.3 4174.8 4186.6 4202.8 4212.1 4313.4 4358.5 4362.1 4383.9 4437.5 4471.0 4532.3 4616.1 4819.3 4978.0 5155.0 5295.0 5911.0
143.166 154.195 384.34 669.43 719.28 783.0 799.02 806.45 872.1 880.3 902.26 1030.38 1167.81 1394.94 1400.8 1426.05 1461.2 1477.38 1516.61 1539.93 1553.16 1633.3 1651.32 1761.3 1856.2 1890.5 1908.4 1912.0 1954.05 2149.35 2187.88 2224.7 2355.55 2483.49 2712.3 2799.2 2826.9 2930.82 2980.7 3033.0 3046.72 3052.2 3087.2 3160.7 3170.9 3206.4 3298.5 3368.1 3508.9 3868.8 4093.3 4136.8 4453.9 4628.8
700.66 1162.2 1177.78 1434.34 1546.3 1564.59 1573.35 1585.85 1915.85 2100.76 2138.93 2200.44 2262.22 2302.6 2418.87 2423.12 2432.4 2500.58 2581.56 2613.09 2656.48 2781.0 2901.93 2917.01 3068.11 3210.46 3361.94 3396.49 3463.09 3485.85 3549.1 3558.3 3567.4 3595.44 3704.42 3872.15 3951.9 4038.83 4163.2 4230.6 4410.02 4419.63 4483.67 4494.5 4569.28 4613.23 4632.9 4652.2 4685.9 4697.77 4711.9 4744.3 4832.2 5168.9 5212.8 5334.6 5377.7 5486.5 5514.1 5874.6 5935.4 6009.9 6019.9 6050.8 6118.6 6288.5 6343.7 6477.9 6522.1 6699.6 6756.2 6873.0 6958.5 6982.8 7121.4 7137.3 7158.7 7196.9 7267.7 7282.0 7412.7 7473.8 7502.5 7593.8 7823.3 8044.2 8201.3 8218.5 8259.2 8265.1 8348.9 8381.9 8431.1 8627.7 8643.5 8898.3 8994.3 9724.8
68.573 236.48 392.991 588.308 685.792 814.419 907.06 1115.073 1171.582 1225.604 1274.0 1281.65 1331.53 1383.15 1511.23 1548.2 1564.3 1582.197 1676.54 1691.3 1762.81 1773.462 1781.76 1908.8 2016.42 2099.02 2230.256 2294.13 2303.293 2313.5 2379.6 2393.47 2414.14 2454.63 2583.02 2641.36 2827.69 2845.89 2860.42 2870.99 2879.4 2887.93 2958.08 2961.95 2963.6 3036.96 3080.11 3095.91 3137.0 3179.31 3245.69 3272.58 3300.89 3380.46 3381.2 3442.56 3449.9 3457.86 3598.9 3602.4 3800.8 3919.5 4346.3
686.528 1263.0 1271.6 1346.57 1420.2 1524.18 1528.22 1539.5 1583.21 2041.24 2160.09 2240.5 2293.6 2335.35 2369.22 2414.55 2507.29 2526.39 2554.2 2555.9 2574.63 2702.7 2799.9 2884.24 2926.68 3112.95 3144.74 3201.62 3399.5 3535.29 3545.3 3553.5 3564.54 3682.54 3808.03 3899.8 4019.18 4057.1 4061.7 4160.8 4166.68 4251.44 4509.37 4660.2 4918.0 5077.6 5102.3 5116.8 5406.6 5475.1 5899.9
544.95 854.32 1175.3 1213.7 1326.77 1408.84 1417.59 1472.5 1521.76 1715.63 1760.96 1937.6 1990.94 2029.7 2166.8 2311.98 2654.35 2769.9 2835.59 2864.43 2902.29 2908.38 2976.5 2978.19 3072.6 3251.57 3620.4 4168.5 4265.6 4354.2
1181.4 1426.7 1473.34 1556.96 2187.96 2290.1 2326.0 2382.55 2386.78 2393.76 2403.27 2413.77 2438.35 2608.56 2845.96 2849.16 2910.05 2999.48 3016.47 3023.73 3026.42 3075.13 3094.52 3111.64 3125.13 3138.0 3182.77 3218.98 3428.58 3525.34 3685.39 3699.59 3710.99 3727.28 3779.91 3780.19 4025.78 4145.41 4324.11 4371.94 4502.8 4777.28 4971.29 5057.61
687.0 1050.6 1064.8 1121.8 1160.6 1181.2 1384.9 1407.2 1409.4 1427.7 1436.6 1442.9 1458.4 1462.0 1508.3 1509.3 1517.2 1541.8 1578.0 1584.3 1614.3 1615.7 1637.7 1696.4 1716.4 1727.0 1735.7 1739.3 1797.0 1809.2 1876.7 1944.6 2023.6 2028.6 2034.2 2076.9 2079.0 2094.0 2112.0 2223.7 2277.6 2297.8 2300.0 2339.4 2547.9
727.33 1132.53 1355.53 1476.43 1512.7 1536.83 1620.738 1679.45 1752.9 1788.1 1800.9 1805.96 1833.9 1945.83 1987.6 2017.0 2102.6 2228.7 2411.3 2471.5 2583.3 2702.2 2771.8 2885.5 2922.0
292.8 440.42 1003.57 1100.16 1119.4
609.316 1015.05 1274.761 1377.675 1415.489 1543.375 1661.28 1712.93 1729.611 1742.98 1764.498 1847.431 1890.287 1994.63 2010.81 2017.3 2088.41 2118.552 2147.78 2192.56 2204.13 2208.67 2266.39 2293.34 2348.3 2360.8 2423.19 2447.7 2482.46 2505.21 2508.2 2544.9 2553.0 2562.4 2604.66 2630.85 2662.29 2694.6 2698.8 2699.2 2719.22 2728.59 2769.9 2785.9 2794.1 2802.6 2827.0 2861.1 2869.6 2880.3 2893.6 2897.0 2919.5 2921.8 2928.6 2934.5 2940.6 2962.8 2967.6 2978.8 2986.2 3000.0 3003.0 3005.8 3014.1 3022.3 3030.3 3039.3 3053.9 3068.3 3078.7 3081.7 3094.0 3139.0 3142.6 3149.2 3160.4 3164.8 3173.3 3183.6 3262.4
271.228 293.56 401.812 517.6 608.3 676.66 708.1 732.7 835.32 877.2 891.1 930.0 1073.7 1094.2
549.76 968.97
254.2 264.7
511.0
