200 217
113.0 335.0
634.9 749.0 1228.9 1494.6 1705.5 1790.1 1921.3 2077.4
391.7
648.6 660.2 872.0 1225.3 1379.0 1633.4 1636.6 1695.5 1792.9 1942.0 1964.6 1992.0 2015.0 2072.0 2079.4 2278.0 2381.0 2502.9 2536.0 2751.0
587.3
265.1 620.1 638.2 664.25 729.6 940.1 969.81 1132.28 1230.58 1441.36 1563.52 1756.1 1862.29 1877.74 1935.93 2054.31 2062.57 2339.6 2499.23 2721.6 3221.7 3274.6 3480.9 3524.7 3700.7 3814.9 3954.4 4150.1 4341.5 4405.7 4546.0

344.53 643.4 674.01 686.3 747.18 973.27 976.08 1018.55 1041.71 1055.3 1084.6 1108.1 1114.78 1115.7 1119.95 1197.9 1224.74 1233.8 1284.14 1351.2 1495.4 1534.79 1539.36 1553.5 1631.4 1799.4 1823.3 1841.09 1897.6 1966.56 1971.0 2038.6 2117.2 2149.55
23.53 63.7 71.7 113.79 147.7 173.76 237.22 424.82 600.49 734.25 788.1 853.41 903.9 904.47 1090.4 1255.0 1299.7 1375.9 1525.1 1539.64 1648.4 1668.1 1803.7 1826.57 1979.44 2194.0 2226.1 2270.13 2275.8 2576.82 2728.5 2828.1 3348.3 3459.6
408.33 577.1 725.06 745.78 789.13 794.69 934.48 1081.15 1093.24 1097.64 1130.94 1214.28 1242.32 1269.82 1321.56 1339.56 1393.61 1394.38 1427.66 1516.88 1659.96 1772.54 1851.7 1907.26 1953.44 2075.96 2086.3 2135.64 2183.0 2238.28 2402.0 2414.86 2429.25 2516.52 2522.39 2569.2 2581.4 2605.4 2612.0 2677.0 2683.0 2689.84 2713.0 2821.8 3140.57 3172.2 3188.6 3292.0 3388.42 3544.27 3551.3 3592.0 3626.9 3747.0 3753.7 3811.0 3897.0 4176.0 4375.0 4506.0 4695.0
72.65 496.17 507.4 530.88 576.4 721.28 768.95 984.9 1036.7 1052.76 1129.0 1222.3 1251.9 1292.23 1363.2 1402.9 1488.59 1495.0 1525.52 1688.5 1739.9 1905.2 1967.0 1969.9 2042.9 2281.0 2467.1 2549.6 2572.0 2683.7 2783.4 3107.2 3112.0 3542.4 3551.8 3655.3 3774.5 4027.7 4078.0
674.12 866.0 947.45 1067.1 1116.22 1123.2 1270.4 1320.6 1355.0 1416.6 1800.81 1927.8 1992.58 2062.88 2108.73 2128.74 2479.21 2617.2 2641.4 2655.17 2693.0 3288.0 3815.0 4177.4 4381.1 4816.2
55.0 160.4 205.6 275.5 327.1 345.7 363.7 622.6 635.3 700.5 748.1 769.0 779.2 783.5 840.0 842.0 845.8 884.5 890.4 920.8 1081.6 1117.7 1208.6 1261.5 1282.1 1320.3 1428.7 1457.5 1539.6 1614.6 1650.2 1826.5 1934.5 2184.7 2222.8
340.5 724.6 1111.3 1129.7 1318.1

169.88 352.0 472.29 517.0
44.59 105.89 122.0 153.4 160.73 169.3 199.2 208.0 234.6 254.8 278.2 302.8 381.1 421.5 479.3
99.5 218.19 270.8 367.6 381.8 410.7 423.6 577.0
