198 222
339.0 749.5 1231.0 1779.8 2383.8





542.9 1131.4 1772.6 1806.3 2032.8 2105.2 2219.0 2453.1 2461.3 2597.1 2636.4 2884.4 3034.9 3165.6 3305.9 3467.8 3531.8 3983.9 4095.9 4253.8

575.3 1134.3 1501.8 1762.9 1818.3 1924.3 2024.9 2174.3 2206.9 2269.9 2475.6 2534.6 2585.3 2834.2 3131.5 3362.0 3887.5 4130.0
665.1 899.0
635.8 1188.9 1414.3 1578.0 1658.6 1739.6 1825.2 1828.3 1905.7 2128.8 2163.4 2179.0 2319.4 2320.3 2330.3 2356.8 2459.1 2465.1 2546.0 2618.1 2619.0 2621.2 2797.4 2935.2 2954.5 3080.8 3110.8 3198.3 3389.3 3413.1 3469.0 3520.7 3779.1 3851.7 3925.2 4066.4 4524.6 4832.6 5178.3 5377.0 5930.6
110.1 214.7 797.8 1173.98 1465.53 1561.55 1610.67 1687.41 2238.16 2418.71 2501.29 2744.15 2848.48 2864.6 2957.58 3049.9 3157.48 3400.6 3539.9 3636.78 3671.5 3987.0 4182.4 4583.6 4833.7 4988.0 5216.9 5819.8 6538.0 6772.1 6826.1 7307.7
643.8 1461.4 1545.1 1664.6 2265.7 2376.8 2562.3 2922.4 3109.7 3247.7 3404.0 3812.0 3863.7 3919.6 4898.6 4993.2 5025.9 5380.7 5383.4 5684.1 5866.0 5875.7 6035.3 6468.3 6894.2 7310.1 8555.0 9249.0 9764.0 10086.0
539.9 1458.2 1577.8 1698.7 1739.0 1960.0 2114.1 2147.7 2179.0 2650.4 2722.0 2731.9 3117.4 3127.2 3216.6 3243.4 3426.3 3844.4 3874.0 3926.1 4341.2 4418.1 4474.0 4509.8 4550.9 4920.9 4961.0 5160.3 5239.8 5246.0 5733.8 6100.3 6578.3 6714.0 7004.0 7398.9 7594.0 7630.3 8161.9 8167.6 8304.3 8328.3 8611.2 8758.0 8854.6 8925.9 9147.2 9627.7 9915.5 9918.2 10814.0 11035.0 11084.0 11234.0
1273.8 1501.5 1639.8 1694.0 2116.0 2171.9 2306.3 2655.0 2687.1 2696.1 2760.7 2881.4 2967.3 3297.8 3357.6 3510.3 3735.1 3991.1 3998.1 4066.8 4135.1 4151.3 4582.7 5114.6 5427.2 5772.4 6167.4 7135.2 7870.9 8571.0 9687.6 10612.0
705.0 896.1 1259.6 1529.0 1574.1 1612.4 1664.0 1703.5 1745.9 1788.7 1856.6 1879.4 1936.9 2007.4 2072.9 2121.6 2184.3 2186.7 2201.5 2227.5 2257.6 2327.1 2610.7 2640.8 2662.0 2677.0 2684.5 2739.8 2786.7 2915.8 2984.0 3029.3 3181.8 3301.3 3441.1 3495.4 3604.8 3623.8 3922.9 3927.3 4047.9 4050.3 4343.1 4505.5 4532.7 4581.3 4723.0 4855.5 5225.6 5763.6 5928.8
694.7 1141.2 1331.7 1442.7 1625.1 1800.5 1928.0 1944.9 2028.2 2099.7 2208.6 2320.5 2377.1 2394.7 2504.8 2557.1 2648.7 2668.2 2676.2 2682.2 2689.1 2878.2 2917.1 3148.1 3268.7 3327.9 3465.4 3490.1 3540.1 3578.7 3610.4 3745.9 3753.3 3791.2 3827.6 3907.2 3940.9 4064.2 4220.5 4250.2 4262.2 4517.5 4554.8 4595.4 4750.8 4858.8 4977.6 5051.0
214.1 290.8 315.82 805.7
461.9 840.8 1226.2 1645.6 2111.5
93.1 149.0 174.1
324.22 653.1 796.7 839.9
4.47 14.37 126.77 158.64 269.48 338.27 342.78 376.26 377.33 397.1 445.03 446.82 490.92 514.5 517.7 541.99 594.1 598.72 623.68 646.1 672.6 711.3 732.8
240.986 533.69 645.44 663.03

186.211 448.37 600.66 635.47
