206 227
531.0




583.2 652.62 1026.6 1452.92 1686.3 1860.0 2242.4 2310.2 2423.2 2980.0 3244.0 3601.6 3928.9 4369.0 4657.3 5196.0 5303.3 5556.4 5785.8 6023.8 6182.5 6259.4 6560.1 7031.1 7822.1 8230.0
542.2 1389.4 1551.4 1879.8 2337.6 2492.2 2495.6 2612.5 2951.7 2964.1 3241.0 3256.2 3583.6 3750.8 4025.6 4081.8 4137.4 4447.1 4499.3 4547.0 4632.1 4634.1 4765.2 4834.3 4908.2 5056.2 5161.9 5266.4 5803.3 5854.7 6055.7 6344.9 6671.2 6977.0 7054.0 7253.8 7660.8 8255.7 8407.1 8533.4
498.0 1105.0 1188.8 1411.0 1590.4 1856.3 2537.6 2740.3 2950.5 3427.3 3489.2 3655.4 4029.2 4082.9 4653.4 4675.4 4695.7 4898.4 4981.9 4992.7 5002.0 5219.9 5505.9 5785.7 5814.6 5951.7 6102.5 6334.4 6572.8 6715.1 6724.3 6802.4 6813.1 7135.3 7247.1 7287.6 7374.1 7541.2 7723.3 7983.4 8094.7
167.0 638.0 938.0 1081.0 1368.0 1545.0 1598.0 1636.0 1662.0 1733.0 1851.0 2164.0 2780.0 2811.0 2903.0 3056.0 3089.0 3214.0 3265.0 3331.0 3340.0 3465.0 3520.0 3566.0 3841.0 3897.0 4012.0 4198.0 4231.0 4318.0 4577.0 4706.0 4927.0 4977.0 5002.0 5207.0 5333.0 5437.0 5559.0 5629.0 5640.0 5771.0 6092.0 6181.0 6363.0 6477.0 6523.0 6814.0 6918.0 7258.0 7545.0 7549.0 7848.0 8144.0 8659.0
670.3 700.0 835.5 1121.5 1149.0 1440.0 1457.4 1573.1 1680.5 1813.6 2015.9 2251.3 2806.8 2900.4 3013.9 3068.9 3207.5 3409.2 3417.1 3419.4 3462.3
133.3 141.6 191.2 212.0 226.1 247.8 249.4 254.4 290.4 344.2 349.3 409.3 493.4 532.1 539.4 550.9 568.8 581.5 762.6 969.4 1261.1 1383.2 1659.9 1834.8 1973.0
363.6 704.2 1077.0 1256.1 1355.0 1509.7 1688.9 1713.8 1988.5 2111.1 2154.5 2516.5 2582.0 2618.0 3002.3

15.0 56.1 73.0 81.0 98.58 134.4 139.8 191.29 210.4 216.0 269.2 305.5 333.5 340.3 369.5 372.4 374.8 384.3 432.0 462.2 490.3 506.5 530.0 533.8 589.0 705.5 778.0
6.9 12.4 19.9 48.4 55.8 73.0 127.3 140.7 156.8 177.2 200.2 214.4 273.7 276.1 290.8 300.0 314.8 340.3 347.9 355.2 361.1 364.2 376.5 452.4 501.2 511.1
26.0 36.65 38.53 99.6 99.87 100.93 108.39 145.85 150.04 195.79 224.65 234.51 253.54 273.5 279.26 288.0 294.76 348.5 393.4 401.0 496.9 517.78 552.05 571.0 601.1 630.8 637.7 646.5 680.0 749.1 779.6 812.0 942.8

12.882 54.98 82.129 99.53 100.999 134.48 160.43 171.963 187.07 188.92 219.53 222.98 242.45 243.57 244.674 298.7 365.65 515.2 540.53 605.4 647.58 649.66 684.8 698.62 736.88 763.21 782.66 834.54 839.3 892.68 921.63 987.73 995.61 999.12 1001.94 1035.28 1042.28 1070.11 1102.81 1120.24 1221.1 1322.17 1359.12 1398.29 1399.17 1512.4 1540.74 1552.11 1566.56 1573.78 1590.49 1595.05 1629.3 1695.43

28.5 82.5 128.2 142.6 151.6 181.6 198.3 207.2

2.78 32.05 34.2 39.88 56.0 59.1 63.07 66.5 87.96 95.42 121.56 132.1 144.32 164.95 224.13 298.35 306.53 330.88 378.61 418.96 427.78 445.0 534.65 579.96 675.51 686.22 689.08 690.47 716.01 849.96 861.0 872.02 892.9 898.93 904.15 923.03 949.1 955.06
