206 231
474.3 1052.1 1762.7 2010.1





629.3 1454.3 1895.1 1958.4 2108.6 2577.4 2613.4 3121.8 3404.3 3612.9 3666.6 3915.4 3929.4
546.35 1608.9 1769.7 1770.0
1382.4 1639.3 1819.7 1865.2 2073.9 2683.2 2944.1 3256.4 3329.4 3478.4 3771.4 3850.1 3990.1 4146.8 4170.1 4237.2 4376.8 4401.5 4618.3 4810.2 4921.9 4930.9 4984.4 5180.4 5243.8 5390.3 5461.9 5948.1 6030.1 6056.6 6117.8 6290.0 6305.0 6479.2 6482.1 6530.2 6565.0 6577.0 6612.6 6660.4 6765.7 6929.4 6936.7 7015.6 7117.7 7242.9 7301.8 7394.2 7541.9 7870.0
773.0 1625.3 1821.2 1877.8 1994.5 2053.8 2214.4 2246.9 3088.8 3143.7 3331.1 3413.4 3415.6 3586.4 3738.6 3756.6 3765.7 3855.0 3935.4 4207.3 4366.9 4553.6 4567.0 4686.2 4882.7 5372.7 5608.6 6033.5 6076.4 6283.2
688.2 1164.1 1507.6 1711.1 2026.0 2335.2 2679.4 3292.7 3412.7 3491.6 3580.7 3582.2 3712.0 3763.4 4320.3 4718.9 4976.9 5170.4 5471.2 5832.4 6266.0
330.8 539.6 666.2 931.1 1001.9 1050.2 1173.0 1337.5 1415.7 1454.4 1611.2 1667.5 1896.4 1971.0 2029.7 2301.1 2305.0 2393.6 2521.3 2740.0 2802.4 2830.0 3132.4 3256.0 3257.6 3506.4 3600.0 3605.0 3628.9 3825.5 4185.6 4327.0 4823.0 5000.0
389.1 741.3 793.4 1038.6 1122.2 1341.0 1546.8 1573.2 1694.4 1714.8 1726.1 1803.7 1856.1 1896.9 1961.8 2031.9 2109.4 2328.5 2390.8 2420.1 2442.5 2465.7 2526.4 2825.7 2966.6 2967.3 3285.6 3387.4 3389.4 3720.2 3756.4 3806.3 4118.2 4191.2 4213.0 4392.1 4589.0 4675.9 4683.1 4836.1 5020.9 5126.0 5140.1 5364.1 5470.8 5588.9 5902.5 6135.6 6344.6 6679.6
16.7 52.06 113.71 140.01 151.98 251.1 320.6 328.3 404.74 421.7 445.0 470.7 475.2 512.4 515.4 546.0 556.0 604.1 751.3 779.9 853.5 876.5 893.2 937.7 1053.3 1131.3 1245.9 1257.3 1288.3 1325.0 1411.3 1426.4 1504.3 1638.2 1671.5 1701.6 1738.2 1833.2 2038.8 2130.3 2152.9 2289.7 2460.2 2568.1 2580.5 2767.9 3003.6 3045.7 3272.7 3522.6 3793.4 4345.8
178.47 410.07 412.98 474.17 634.8 688.1 873.0 1001.2 1163.8 1342.7 1496.1 1711.2 1863.7 2105.7 2262.5 2523.5 2690.1 2961.9 3144.5 3417.6 3624.0 3888.6 4122.7 4374.7 4636.3 4873.6 5164.1 5384.5 5703.0 5912.0 6255.5
53.2 103.5 121.9 146.8 299.2 321.4 359.0 450.3 485.4
111.12 242.11 301.39 317.29 473.76 914.0 1024.9 1170.9 1171.6 1225.2 1265.0 1310.2 1360.6 1375.7 1402.6 1432.6 1439.9 1499.5 1556.1 1619.6 1644.9 1754.4 1821.5 1841.2
29.858 50.128 61.424 79.708 104.6 123.793 130.141 174.569 234.858 247.39 280.182 286.087 315.99 329.856 334.37 342.59 350.53 369.36 376.296 405.07 424.12 432.24 442.35 445.071 459.93 514.25 537.16 590.3 593.58 712.7 782.54 784.02 786.9 792.6 803.44 805.38 818.18 823.03 826.7 842.05 846.41 859.07 867.5 879.41 884.2 891.0 904.4 905.9 908.03 926.48 940.79 943.1 957.73 971.31 999.85 1015.2 1020.1 1025.0 1028.94
84.373 215.985 250.783 290.36 433.07 479.2 640.86 754.82 906.24 916.34 965.51 992.65 1052.95 1067.4 1089.98 1187.1 1216.9 1220.7 1348.22 1378.35 1378.93 1389.71 1413.7 1425.03 1435.47 1437.08 1553.67 1569.2 1614.41 1652.42 1658.52 1736.3 1754.84 1789.61 1796.75 1818.07 1838.49 1896.3 1969.92 2000.2 2043.2 2052.3 2077.3 2117.4 2135.3 2229.4 2246.5 2368.7
25.41 31.56 42.77 55.16 69.36 100.5 111.6 120.36 149.96 179.75 203.5 220.55 225.2 226.9 236.25 243.56 248.5 260.2 267.92 272.15 284.49 321.76 390.0 394.2 394.72 478.4 724.1
67.67 211.54 253.73 321.54 416.5 446.3 626.7 650.0 669.4 824.6 857.6 873.7 959.9 1048.8 1070.5 1077.2 1122.4 1133.1 1156.2 1238.9 1280.5 1390.0 1422.5 1437.8 1446.0 1587.3 1621.3 1625.0 1723.4 1738.5 1756.2 1767.1 1778.4 1786.1 1793.0 1865.0 1882.3 1888.4 1897.4 1907.8 1945.6 1951.0 1970.8 1982.7 1993.0 2006.7 2015.2 2056.8 2086.1 2170.0 2182.3 2189.4 2269.7 2382.0
64.083 90.035 101.895 120.71 153.275 161.05 176.97 284.279 296.576 384.356 438.794 471.567 475.032 523.851 598.509 675.862 731.65 738.12 1094.9 1318.83 1432.23 1444.2 1455.2 1468.14 1474.83
63.823 204.68 411.68 474.18 537.49 655.96 721.19 770.71 846.15 880.3 898.85 966.99 1013.24 1042.01 1052.78 1070.23 1087.28 1109.1 1157.59 1182.26 1219.97 1238.5 1349.5 1471.75 1495.33 1507.14 1518.87 1579.8 1911.82 1974.61 2041.0 2107.93 2110.8 2138.3 2161.3 2168.2

57.4 186.5 379.0 710.9 734.8 768.4 785.8 849.8 879.8 893.0 932.1 1033.8 1144.3 1158.4 1188.7 1211.7 1281.0 1341.1 1466.8 1522.5 1897.1 2005.0 2043.4
46.23 66.21 87.64 95.5 285.62 397.33 455.0 458.95 503.33 511.36 520.29 605.4 620.59 646.6 740.72 750.86 760.5 772.8 796.2 834.63 929.2 931.9 944.31 971.1 1138.79 1634.1 1693.3 1718.2 1730.1 1773.9
