215 232
1317.0 1621.0 1796.0 2438.0

660.3 670.1 1146.7 1149.2 1498.2 1528.5 1682.3 1792.0 1916.0 2013.0
122.5 293.6 384.5 478.5 507.8 559.5 666.6 867.9 922.4 965.9 1059.6 1135.5 1213.4 1296.0 1387.5 1434.6 1503.1 1575.0 1666.9 1667.3 1720.7 1817.1 1867.6 1903.5 1998.6 2018.4 2117.3 2507.6
341.0 355.246 576.844 631.41 657.634 714.553 866.646 926.42 965.274 1017.663 1116.0 1180.41 1182.983 1292.72 1301.003 1413.701 1461.43 1546.988 1551.721 1698.77 1699.97 1710.5 1812.951 1959.287 2023.84 2113.83 2129.4 2149.25 2179.0 2245.17 2351.22 2401.61 2427.59 2444.52 2735.0 2806.16 2835.15 2836.73 3249.08 3254.52 3720.79
13.79 40.69 68.71 71.56 108.51 113.3 145.6 150.18 153.0 184.21 233.81 263.22 312.0 335.18 356.1 411.9 136.2 305.1 401.3 507.1 554.6 614.0 625.3 731.1 774.0 779.1 887.0 914.1 973.7 1103.4 1113.0 1120.1 1266.1 1267.8 1372.9 1485.2 1488.9 1534.5 1678.1 1704.3 1790.2 1883.6 1935.1 1974.0 2145.9 2164.8 2223.6 2339.6 2416.2 2431.3 2637.0 2649.2 2686.9 2822.3 2909.9 2916.5 3175.9 3180.6 3405.6


42.4 50.7 64.62 90.7 107.2 110.06 130.7 167.5
29.8 52.2 64.4 78.5 80.5 90.4 103.6 109.3 110.3 116.5 130.3 176.7 183.4 219.7 236.5 252.7 283.4 317.2 333.0 354.0 360.2 380.8 395.8 402.9 448.1 452.0
29.94 40.09 64.7 105.06 120.8 144.95 155.65 170.79 199.85 235.5 257.04

27.37 29.98 46.35 74.14 84.55 109.94 126.86 187.32 198.71 210.78 271.29 273.14 304.73 330.04 354.5 387.23 425.59 428.4 435.19 437.96 469.24 501.28 514.36 537.0 562.8 639.1 656.4 698.6 790.2 863.6 874.7
6.28 6.67 20.19 33.07

72.0 101.0 151.5 198.2 211.8 264.7 285.2 292.9 346.1 375.7 395.3 457.9 478.7 536.8 581.2 591.5 635.8
162.0 377.5 641.1 947.5 1289.4 1662.1 2062.0 2484.4 2925.0
7.5 105.2 478.5
