217 234
673.8
689.6 1194.2 1563.9 1765.8 2104.0

373.3 759.8 993.7 1165.8 1328.8 1597.9 1718.7 2012.4 2158.7 2434.3 2441.4 2554.8 2884.4 2900.0 3004.4 3466.6 3952.8

183.3 439.8 467.0 651.0 750.0 923.5 1093.5 1255.3 1461.1 1622.6 1850.7 2015.5 2259.7 2431.9 2687.8 2873.0 3133.5 3340.7 3596.0 3835.5 4077.6 4349.5 4577.9 4882.5 5097.9
51.3 118.9 180.5 209.0 212.3 243.0 247.0 310.0 320.0 324.1 412.4 428.7 547.3 569.6 657.0 706.0 838.1 858.1 962.1 1021.6 1179.4 1185.4 1313.8 1370.6 1551.7 1558.4 1702.5
98.1 251.0 284.1 305.3 464.5 534.7 699.5 833.9 997.7 1173.8 1347.3 1549.8 1738.7 1958.9 2164.7 2398.0 2620.2 2864.0

72.2 226.43 230.37 307.5 447.3 450.5 657.9 721.9 805.2 847.8 923.1 1040.3 1238.4 1395.2 1596.0 1781.5 1989.4 2195.8 2412.8 2635.1 2861.1 3097.1
9.29 24.38 37.864 73.67 76.23 77.62 86.78 99.19 127.3 183.71 200.02 207.1 228.48 231.46 289.04 318.96 400.14 448.19 503.4 547.02 688.73 698.4 170.8 268.0 284.7 296.6 340.2 477.4 483.7 509.4 518.4 563.9 701.9 747.4 772.0 775.1 838.9 970.4 1025.5 1053.4 1069.5 1078.7 1159.8 1281.7 1339.3 1396.1 1404.0 1417.4 1520.4 1683.9 1768.0 1769.6 1915.9 2166.3
57.759 186.823 328.003 378.179 396.078 519.192 622.5 695.6 831.823 874.473 911.8 920.8 938.58 944.196 968.369 968.968 979.499 1016.406 1022.527 1059.93 1091.017 1122.951 1153.467 1168.375 1174.508 1175.39 1189.8 1200.54 1226.565 1239.4 1297.423 1344.078 1416.11 1431.979 1450.394 1497.1 1531.474 1539.21 1580.91 1588.335 1599.5 1617.78 1638.284 1643.125 1645.954 1682.81 1683.82 1688.394 1724.283 1735.45 1743.89 1758.24 1760.218 1795.9 1797.65 1804.689 1817.432 1838.3 1892.996 1899.95 1901.93 1906.64 1925.22 1928.57 1937.16 1944.895 1958.72 1964.98 1974.2 1981.97 1987.46 1988.1 2010.11 2013.6 2016.76 2022.84 2029.84 2036.99 2123.1 2209.7 2407.9
29.19 42.44 71.82 97.13 125.41 146.35 148.16 163.26 164.53 173.6 195.71 212.34 217.16 234.8 237.36 255.94 261.93 287.92 288.52 302.89 317.17 320.54 327.0 365.8 425.82 436.6 465.5 478.4 526.5 569.1 605.0
53.2 174.1 356.6 508.16 571.77 594.1 634.9 677.6 686.7 769.6 781.37 825.8 852.4 879.7 883.6 951.94 971.69 1009.7 1012.5 1040.0 1052.6 1065.6 1079.26 1108.2 1109.0 1127.85 1178.6 1196.8 1207.8 1251.4 1297.1 1321.9 1375.3 1400.9 1485.6 1520.4 1572.9 1573.5 1589.8 1617.5 1638.5 1695.7 1744.9 1770.7 1775.2 1789.4 1810.7 1839.6 1849.6 1858.2 1902.7 1949.0 1949.8 1966.9 1971.5 1973.4 2000.9 2010.1 2024.7 2078.3 2122.8 2133.2 2151.8 2282.8 2298.6 2313.0 2314.3 2368.9 2397.8 2706.0 2850.0 3125.0 3325.0 3812.0
41.952 96.129 161.94 185.714 205.309 221.398 236.893 240.881 247.583 272.18 275.425 277.8 301.744 317.082 324.913 351.511 377.577 385.69 387.827 452.18 510.897 530.4 554.651 590.838 593.617 595.974 619.638 623.937 629.342 634.044 655.981 684.49 687.631 709.099 713.753 720.298 735.263 793.026 808.507 820.544 833.168 839.304 867.03 875.549 889.998 914.904 936.305 960.807 1004.236 1020.728 1056.3 1066.19 1074.35 1081.33 1086.812 1102.25 1133.81 1159.75 1173.0
49.369 162.12 333.2 556.9 714.25 730.35 774.1 774.4 785.3 827.0 829.6 873.0 883.6 890.1 960.4 1023.1 1042.9 1049.9 1053.6 1072.9 1077.5 1078.7 1094.4 1105.7 1121.8 1137.1 1143.3 1146.0 1148.3 1182.5 1208.9 1218.1 1222.1 1249.6 1293.2 1329.4 1387.2 1414.0 1450.3 1469.3 1480.1 1482.8 1484.9 1489.3 1498.8 1519.7 1554.2 1561.5 1573.0 1573.4 1578.5 1609.1 1618.0 1647.6 1690.9 1727.3 1738.1 1784.8 1858.6 2043.0 2101.7 2248.0 2262.9 2274.0 2296.0 2445.4 2691.5 2813.2 3144.2 3203.8 3616.4 3619.6 4050.2 4116.2 4506.0 4631.8 5162.0
50.38 54.546 93.62 107.34 262.24 279.4 335.928 337.35 371.17 421.15 478.36 539.61 572.7 583.932 586.135 599.29 611.476 628.97 681.846 682.11 711.19 713.72 721.84 741.32 753.98 768.18 769.6 783.64 803.41 814.74 839.66 842.26 852.28 861.54 884.94 924.58 947.2 968.1 1013.1 1031.6 1051.5 1061.43 1132.11 1151.72 1171.2 1185.5 1313.41 1350.7
49.55 163.0 336.5 564.8 688.5 843.0 1160.2 1896.0 1912.0
