230 239
51.72 169.5 347.1 366.56 435.3 558.3 578.2 734.1 856.4 959.0 1175.7 1229.0 1531.6 1539.7 1921.2
416.1 421.1 481.7 1153.5 1268.1
47.572 156.57 322.6 541.0 563.194 628.967 691.21 734.56 746.9 805.8 833.07 866.792 911.42 915.1 970.68 984.8 1016.852 1050.9 1098.2 1111.5 1131.0 1132.78 1173.06 1186.5 1193.99 1211.8 1390.8 1434.2 1453.7 1828.1 2231.5 2659.7
40.35 92.19 155.27 229.4 298.85 312.17 314.7 320.75 340.68 353.8 397.6 398.55 411.1 415.8 503.8 517.7 546.6 561.5 597.2 635.2 761.8 899.3 1044.0 1200.5 1361.9 1536.7 1712.6 1904.0 2094.3 2301.8
43.498 143.351 296.071 497.04 741.2 786.29 809.88 849.3 851.7 926.74 947.85 962.6 968.6 989.45 1023.7 1044.53 1069.3 1085.3 1090.9 1095.9 1125.27 1126.68 1127.6 1165.2 1172.1 1174.2 1194.73 1214.6 1237.24 1261.84 1274.37 1277.48 1292.6 1312.2 1335.9 1340.8 1341.3 1421.32 1435.36 1447.9 1457.59 1486.2 1496.2 1500.0 1502.4 1510.2 1533.0 1537.2 1543.7 1548.5 1552.62 1553.74 1570.69 1581.7 1588.85 1589.0 1592.3 1601.8 1619.5 1650.2 1653.3 1667.4 1687.8 1693.5 1693.8 1722.9 1723.45 1737.4 1738.4 1761.7 1770.9 1781.23 1782.5 1784.2 1793.0 1796.7 1809.0 1811.5 1843.9 1863.1 1875.2 1881.6 1911.17 1916.3 1927.6 1937.0 1940.5 1959.2 1968.7 1969.9 1981.2 2000.4 2020.0 2033.6 2037.0 2063.0 2066.7 2068.8 2101.4 2115.5 2144.0 2464.2 2889.7 3339.0 3808.0 4297.0
0.0768 13.04 46.204 51.701 81.739 103.032 129.297 150.453 170.705 171.388 197.098 225.417 249.13 291.14 294.654 332.842 338.52 357.3 367.072 393.213 414.763 426.747 438.6 445.74 474.301 509.92 533.221 550.4 608.13 633.09 637.795 658.937 664.537 670.9 701.01 703.756 720.2 761.016 769.27 769.937 777.6 779.509 805.1 805.649 811.96 821.25 821.5 843.865 845.35 865.207 891.95 905.272 944.8 951.054 968.447 990.247 992.71 1002.35 1038.373 1057.4 1072.9 1099.11 1100.4 1116.21 1142.631 1257.8 1434.5 1606.2 1802.8 1987.0 2202.1 2396.2 2628.5 2830.9 3078.6 3287.4 3550.0 3764.0 4043.0
45.242 149.476 309.784 522.24 687.6 744.15 782.3 848.3 919.21 957.99 960.3 966.63 987.67 999.8 1001.5 1035.6 1050.85 1052.89 1058.61 1070.0 1085.3 1110.67 1126.9 1149.4 1198.6 1271.09 1426.3 1443.6 1580.0 1604.8 1662.37 1732.6 1791.3 1800.9 1807.88 1865.41 1972.62 1979.1 1981.06 2054.2 2060.6 2086.54 2095.7 2155.4 2188.8 2190.0 2203.9 2226.9 2243.9 2251.1 2284.7 2426.6 2435.6 2440.2 2457.3 2494.5 2498.5 2631.7 2699.0 2712.1 2750.0 2756.2 2770.0 2817.0 2823.3 2825.0 2838.3 2877.8 2891.0 2924.0 2969.0 2992.0 3081.2 3143.8 3550.0 4039.0 4549.0 5077.0
11.39 56.3 82.86 159.96 204.19 260.95 274.0 426.15 540.62 554.98 578.01 664.27 666.45 677.59 697.65 720.45 734.34 758.16 832.45 846.94 865.0 872.15 893.43 903.4 905.7 909.4 920.6 947.85 981.26 1344.7 1407.4
44.91 148.41 307.21 518.3 680.1 731.9 775.7 826.7 925.7 930.8 950.2 966.3 967.3 997.5 1037.3 1056.6 1059.5 1060.3 1076.5 1105.7 1112.6 1127.0 1128.7 1135.8 1150.3 1168.0 1170.4 1224.2 1232.6 1260.9 1269.2 1278.5 1285.8 1355.2 1378.4 1381.7 1413.3 1415.3 1482.0 1516.5 1530.7 1594.9 1643.2 1648.9 1672.0 1761.2 1774.7 1788.2 1814.3 1892.2 1958.6 1992.6 2163.6 2190.7 2305.9 2557.6 2618.7 2687.2 2754.0 3067.2 3104.2 3253.4 3534.5 3547.8 3809.0 4017.3 4494.0 4516.5 4592.0 4806.6 5034.3 5206.0
42.543 133.799 145.777 169.089 193.987 292.587 539.29 687.855 715.834 726.113 734.66 739.388 746.056 757.16 784.282 815.156 823.718 853.23 893.23 932.92 961.85 965.636 988.18 990.5 1062.48 1066.82 1149.8 1152.81 1155.05 1167.02 1194.62 1201.02 1223.3 1241.96 1306.22 1360.98
