236 244
44.63 147.45 305.8 515.7 773.5 1074.3 1413.6 1786.0
47.71 145.544 155.45 201.18 224.25 280.22 320.97 370.4 404.19 407.83 438.41 453.2 473.5 655.3 696.2 908.9 1000.6
44.08 145.96 303.4 513.4 605.18 661.43 763.2 772.8 941.5 962.77 968.1 983.1 985.46 1028.55 1069.95 1078.5 1082.57 1125.8 1174.4 1202.66 1228.7 1264.2 1310.3 1426.6 1427.2 1447.3 1458.3 1559.9 1596.4 1621.3 1636.4 1651.2 1726.4 1783.6 1816.2 1898.3 2240.5
7.861 57.276 75.706 163.76 192.81 285.46 318.1 330.125 358.1 387.41 391.586 469.8 492.1 505.5 511.838 519.2 556.1 570.1 764.7 826.9 1052.9 1126.6 1381.7 1466.6 1749.0 1845.6 2152.5 2261.1 2590.3 2712.0 3060.5 3124.3 3156.2 3199.0 3303.0 3558.4
42.824 141.69 294.319 497.52 597.34 648.85 742.33 747.8 860.71 900.32 938.06 958.85 992.2 1001.93 1030.53 1037.52 1041.8 1055.7 1076.22 1089.45 1115.53 1131.95 1136.97 1161.53 1177.5 1223.0 1232.46 1240.8 1262.0 1276.8 1308.74 1321.1 1337.0 1375.6 1410.75 1438.45 1488.17 1525.86 1539.1 1539.67 1558.87 1607.72 1626.77 1633.37 1710.43 1745.6 1775.3 1796.34 1808.0 1841.4 1917.8 1954.5 1996.4 2117.6 2152.0 2182.5 2561.0 2591.0 2975.0 3061.0 3423.0 3560.0 3903.0 4088.0 4414.0 66.8 139.9 239.2 365.0 554.7 589.7 769.9 785.1 806.2 825.0 825.6 836.0 846.8 851.1 866.0 882.8 891.2 892.4 918.8 920.7 960.7 986.8 998.3 1054.9 1105.0 1344.5 1360.9 1386.6 1421.4 1465.7 1518.7 1580.5 1651.0 1732.0 1816.0
41.95 95.69 161.05 161.6 174.94 231.76 300.93 404.4 518.7 561.0 755.2 769.7 784.4 834.6 841.8 850.3 929.7 942.4 965.2
44.54 147.3 306.4 518.1 778.7 780.46 832.3 992.5 1019.4 1039.2 1064.0 1084.0 1092.1 1150.1 1154.6 1181.6 1357.2 1401.0 1427.96 1431.3 1517.65 1816.3 1825.0 1871.4 1874.1 1903.6 1949.8 1969.9 2091.2 2235.6 2246.0 2331.3 2686.0 3163.0 3662.0 4172.0
287.4 333.2 383.6 402.6 625.6 653.8 677.2 703.9 790.7 809.5 813.8 845.4 873.7 905.7 948.0 981.0 1130.1 1176.5 1213.0 1301.6 1367.8 1387.4 1420.5 1434.7 1516.6
46.0 153.0 315.4 531.8 798.3 1110.7 1464.4 1855.4 2279.2 2730.7 3202.7 3674.7 4132.4
